     15 0.032258
     82 0.033333
     19 0.035714
     19 0.037037
     15 0.038462
     57 0.040000
    115 0.041667
    164 0.043478
    261 0.045455
     44 0.046512
    281 0.047619
    769 0.050000
    793 0.052632
      3 0.054054
   1382 0.055556
      5 0.057143
   2000 0.058824
     24 0.060606
   3474 0.062500
      9 0.064516
   5180 0.066667
      9 0.068182
     47 0.068966
     18 0.070175
   7567 0.071429
     16 0.073171
     42 0.074074
  11204 0.076923
     10 0.078947
    153 0.080000
     15 0.081081
  17562 0.083333
     40 0.085714
    635 0.086957
     27 0.088235
  26025 0.090909
     26 0.093023
     35 0.093750
    855 0.095238
     41 0.096774
     12 0.097561
      9 0.098039
  44539 0.100000
     71 0.103448
   1808 0.105263
    110 0.107143
     74 0.108108
  73393 0.111111
     12 0.113636
     55 0.114286
    150 0.115385
   4152 0.117647
     32 0.119048
    210 0.120000
     14 0.121212
     14 0.121951
 137553 0.125000
     34 0.129032
     50 0.129630
    825 0.130435
     41 0.131579
   8297 0.133333
     25 0.135135
    821 0.136364
     80 0.137931
    101 0.138889
 211687 0.142857
     10 0.146341
     67 0.147059
    152 0.148148
   1932 0.150000
     26 0.151515
  15774 0.153846
      2 0.156250
     23 0.156863
   2149 0.157895
     11 0.159091
    373 0.160000
      7 0.161290
     84 0.162162
     30 0.162791
 390182 0.166667
     39 0.170732
     76 0.171429
     95 0.172414
   1112 0.173913
     23 0.175000
     22 0.175439
   4283 0.176471
    166 0.178571
  30334 0.181818
     21 0.184211
    149 0.185185
     13 0.186047
   6157 0.187500
    131 0.189189
   1156 0.190476
    187 0.192308
     47 0.192982
     31 0.193548
    118 0.194444
     25 0.195122
     26 0.196078
 466553 0.200000
     23 0.203704
     15 0.204545
     93 0.205882
     61 0.206897
    443 0.208333
      1 0.209302
   1892 0.210526
     17 0.212121
   9985 0.214286
     32 0.215686
     42 0.216216
    849 0.217391
     46 0.218750
      4 0.219512
  63608 0.222222
     16 0.225000
     17 0.225806
    681 0.227273
     92 0.228571
  11830 0.230769
     14 0.232558
    119 0.233333
   3160 0.235294
     32 0.236842
    854 0.238095
    194 0.240000
     58 0.241379
     14 0.242424
     31 0.243243
      5 0.243902
     13 0.245614
 883860 0.250000
      9 0.254902
     12 0.255814
     74 0.257143
      3 0.258065
     77 0.259259
    374 0.260870
      4 0.261905
   1187 0.263158
     27 0.264706
   4763 0.266667
    106 0.269231
     35 0.270270
  17656 0.272727
     14 0.275000
     59 0.275862
   1289 0.277778
     10 0.279070
     87 0.280000
     15 0.281250
 116491 0.285714
     18 0.289474
     22 0.290323
    117 0.291667
      6 0.292683
   1534 0.294118
     27 0.295455
     43 0.296296
     10 0.297297
  22033 0.300000
    234 0.304348
      4 0.305556
   5403 0.307692
      3 0.310345
   1545 0.312500
      3 0.314286
    455 0.315789
      3 0.317073
    142 0.318182
     50 0.320000
     57 0.321429
      3 0.322581
     12 0.323529
      6 0.324324
 707110 0.333333
     14 0.344828
      2 0.346154
     69 0.347826
    121 0.350000
      2 0.351351
    488 0.352941
   1670 0.357143
      7 0.360000
   5325 0.363636
      2 0.366667
    136 0.368421
  28226 0.375000
      4 0.379310
     10 0.380952
   1438 0.384615
    116 0.388889
     17 0.391304
      1 0.392857
 128058 0.400000
     11 0.409091
    113 0.411765
      8 0.413793
   1202 0.416667
     44 0.421053
  22433 0.428571
     54 0.437500
   3644 0.444444
      7 0.450000
    823 0.454545
    215 0.461538
     29 0.466667
     12 0.470588
      9 0.473684
1739449 0.500000
      2 0.526316
     11 0.538462
     54 0.545455
    216 0.555556
   1058 0.571429
      3 0.583333
   7580 0.600000
     69 0.625000
      4 0.636364
  36592 0.666667
      9 0.714286
   1676 0.750000
     43 0.800000
      2 0.833333
      1 > gi|15829254|ref|NC_002695.1|
 243130 1.000000
