     16 0.038462
     10 0.043478
     35 0.045455
     24 0.050000
     22 0.052632
     12 0.055556
     72 0.058824
     57 0.062500
    133 0.066667
    196 0.071429
    349 0.076923
    673 0.083333
     17 0.086957
   1182 0.090909
     11 0.093750
   2042 0.100000
     12 0.105263
   4153 0.111111
     68 0.117647
     15 0.121212
   9228 0.125000
     36 0.130435
    200 0.133333
     43 0.136364
  17994 0.142857
     98 0.150000
     21 0.151515
    359 0.153846
     16 0.156250
     34 0.157895
  42541 0.166667
     13 0.173913
    129 0.176471
   1098 0.181818
     63 0.187500
     19 0.192308
  67747 0.200000
     40 0.210526
     17 0.212121
    219 0.214286
     11 0.217391
     17 0.218750
   3287 0.222222
     36 0.227273
    275 0.230769
     54 0.235294
 184757 0.250000
      7 0.260870
     22 0.263158
     89 0.266667
      2 0.269231
    644 0.272727
     17 0.277778
      4 0.281250
   9161 0.285714
     32 0.294118
    944 0.300000
      2 0.303030
    110 0.307692
     21 0.312500
     10 0.315789
      2 0.318182
 205912 0.333333
      6 0.347826
      2 0.350000
      6 0.352941
     40 0.357143
    219 0.363636
   1573 0.375000
     30 0.384615
      1 0.391304
  16203 0.400000
      1 0.411765
     39 0.416667
   1496 0.428571
    169 0.444444
     45 0.454545
      3 0.461538
 759141 0.500000
      1 0.545455
      7 0.555556
     49 0.571429
      1 0.583333
    606 0.600000
      1 0.625000
   6207 0.666667
    154 0.750000
      1 > gi|15829254|ref|NC_002695.1|
 101896 1.000000
