     49 0.023810
    363 0.045455
     74 0.052632
     44 0.053571
    146 0.062500
     47 0.064516
    273 0.071429
    177 0.076923
     38 0.078947
     43 0.080645
     53 0.081967
     46 0.083333
     54 0.089286
    384 0.090909
     35 0.092308
     36 0.094340
    239 0.096154
    112 0.098039
     74 0.098361
    189 0.100000
     41 0.103896
    128 0.105263
     82 0.106061
    108 0.106383
     39 0.107143
     42 0.107692
     39 0.108696
    426 0.111111
     37 0.112903
     86 0.113636
     40 0.114286
     35 0.114754
    160 0.115385
    127 0.116667
     64 0.117647
     88 0.118421
     42 0.119048
    114 0.123077
     38 0.123762
    458 0.125000
     81 0.126984
    192 0.127660
     43 0.129032
     35 0.129870
    207 0.130435
     40 0.131148
    189 0.131579
     34 0.132075
     44 0.132353
     34 0.133333
    209 0.134615
    658 0.136364
     73 0.137255
     32 0.137615
    129 0.138462
     83 0.138614
     37 0.140097
     85 0.141026
     38 0.141463
   1053 0.142857
     36 0.144737
     47 0.145161
     74 0.145833
     43 0.145907
     38 0.146429
    129 0.146789
    164 0.147059
     61 0.147436
     37 0.147783
    112 0.148936
     37 0.149758
    399 0.150000
    190 0.150943
     43 0.151042
     71 0.151515
    310 0.152174
    141 0.152632
    153 0.152778
     40 0.153110
     72 0.153310
     47 0.153571
    686 0.153846
     79 0.154589
    190 0.155844
     32 0.155963
     37 0.156250
    205 0.156863
    276 0.157143
     43 0.157377
     83 0.157635
    549 0.157895
     41 0.158416
     42 0.158537
     84 0.158621
     42 0.158730
     39 0.158974
     41 0.159011
    178 0.159091
     75 0.159170
    168 0.160256
    228 0.160714
     77 0.160976
     32 0.161290
     36 0.161458
    287 0.161765
     37 0.162544
     35 0.162562
     37 0.162630
     42 0.162679
     45 0.163194
     80 0.163366
     32 0.164103
    110 0.164179
     76 0.164251
     37 0.164286
     68 0.164430
     36 0.165517
     39 0.166078
     40 0.166090
   1413 0.166667
     79 0.167213
     99 0.167260
     32 0.167488
     40 0.167785
    109 0.167857
    142 0.168317
     46 0.168421
     69 0.168831
     87 0.168966
    107 0.169082
     80 0.169118
    109 0.169154
     42 0.169173
    198 0.169231
     36 0.169550
     35 0.169811
     78 0.170000
    100 0.170213
     39 0.170492
    271 0.170732
     79 0.170819
     47 0.170968
     40 0.171053
     29 0.171141
    189 0.171296
    158 0.171429
    117 0.172249
     72 0.172414
     49 0.172794
     79 0.172932
     66 0.173010
    258 0.173077
     44 0.173145
    117 0.173267
     39 0.173333
     89 0.173684
    125 0.173770
    123 0.173913
    116 0.174194
     34 0.174216
     34 0.174359
     48 0.174497
     84 0.174603
    146 0.175000
    128 0.175610
     39 0.175862
     42 0.175926
    430 0.176471
     91 0.176667
     34 0.176678
    121 0.176692
     37 0.177033
     46 0.177049
    190 0.177083
     44 0.177419
     64 0.177700
     32 0.177936
     45 0.178218
    296 0.178571
    130 0.178744
     79 0.178947
    149 0.179487
     30 0.179931
    120 0.180000
     36 0.180147
     78 0.180212
    214 0.180328
     41 0.180488
     39 0.180556
    169 0.180645
    114 0.181208
    124 0.181495
   1314 0.181818
     39 0.182143
     68 0.182266
     37 0.182292
     35 0.182759
     72 0.182927
    111 0.183168
     40 0.183333
    243 0.183391
    107 0.183575
     32 0.183607
     40 0.183746
     72 0.183871
     66 0.184028
     42 0.184080
    194 0.184211
    354 0.184615
    121 0.184669
     39 0.185185
    192 0.185714
     79 0.185897
     46 0.186207
     83 0.186851
     45 0.187097
     82 0.187192
     36 0.187279
    486 0.187500
     86 0.187919
     43 0.187970
     36 0.188073
     84 0.188119
    492 0.188406
    118 0.188679
     68 0.189055
     84 0.189286
     38 0.189744
    124 0.190000
     36 0.190164
     79 0.190311
     32 0.190323
    180 0.190476
     83 0.190813
    304 0.191176
     24 0.191275
     85 0.191388
    212 0.191489
     85 0.191638
     40 0.191729
     64 0.192118
     42 0.192171
    317 0.192308
    159 0.192661
     53 0.192708
    217 0.192857
     45 0.193069
     35 0.193103
    178 0.193237
     87 0.193548
     40 0.193772
    122 0.194444
     35 0.194737
    172 0.194805
    200 0.194853
    116 0.194872
    142 0.195122
     44 0.195489
    212 0.195652
    147 0.196078
    138 0.196172
    238 0.196429
     78 0.196552
     83 0.196667
    124 0.196970
     51 0.197232
     35 0.197368
    113 0.197917
    300 0.198068
     86 0.198718
    170 0.199005
    805 0.200000
     46 0.200692
     34 0.200957
     41 0.201389
     88 0.201413
     77 0.201835
     28 0.201970
     41 0.202091
     51 0.202206
     42 0.202899
    119 0.202970
     41 0.203125
     92 0.203571
     43 0.203704
     75 0.204152
    156 0.204545
     37 0.204698
     87 0.204878
     50 0.204947
     95 0.205128
     34 0.205263
     97 0.205575
     33 0.205742
    229 0.205882
     33 0.206452
     50 0.206767
     81 0.207143
    137 0.207317
     36 0.207547
     90 0.207612
    137 0.207729
     77 0.207792
     45 0.208054
    177 0.208333
     84 0.208955
     46 0.209559
    114 0.209677
     36 0.209836
     43 0.209964
     32 0.210256
    267 0.210526
    171 0.210714
     42 0.211009
     30 0.211073
    110 0.211409
    413 0.211538
     27 0.212014
    212 0.212121
     39 0.212544
    137 0.212766
     45 0.212871
     43 0.212903
     34 0.212963
    193 0.213115
     37 0.213333
     27 0.213523
     75 0.213793
    736 0.214286
     80 0.214533
     67 0.214634
    146 0.215385
     28 0.215596
     34 0.215686
    152 0.216667
    209 0.217391
     80 0.217822
     88 0.217857
     40 0.217949
     43 0.217993
     38 0.219355
     51 0.220513
     74 0.220641
     39 0.220690
     36 0.220779
     47 0.221675
     34 0.221805
    459 0.222222
    123 0.222772
     40 0.223881
     44 0.224390
     35 0.224880
     37 0.226415
    681 0.227273
     30 0.227586
     53 0.227723
     34 0.228571
     29 0.229508
     41 0.229665
     38 0.229682
    550 0.230769
     42 0.231317
     72 0.231481
     48 0.231579
     47 0.231707
    175 0.232143
     42 0.232673
     46 0.232787
     40 0.233333
    231 0.233766
    177 0.234043
     69 0.234375
    158 0.235294
    130 0.236842
     82 0.237179
     43 0.237624
    102 0.238095
     70 0.238532
    145 0.239130
     43 0.241379
     39 0.241935
     35 0.242424
     78 0.242857
     38 0.243590
     49 0.244792
     47 0.245283
    119 0.246154
     36 0.246305
     80 0.246753
     40 0.249180
   4252 0.250000
     39 0.251282
     28 0.253968
    257 0.254902
     38 0.255319
     39 0.256410
     92 0.257143
     45 0.257576
    109 0.260870
     43 0.261905
     39 0.262295
    198 0.263158
     44 0.263889
     81 0.269231
    491 0.272727
     49 0.274194
     43 0.274510
     81 0.276316
     88 0.276596
     47 0.276923
     40 0.278689
     38 0.279412
     26 0.283333
    356 0.285714
     41 0.288462
     41 0.289474
     41 0.290323
      1 0.291667
    115 0.300000
     72 0.301887
     34 0.303571
     42 0.304348
     31 0.306452
    170 0.307692
     41 0.311475
    196 0.312500
     87 0.315789
     35 0.316667
    208 0.318182
     42 0.319149
     39 0.326923
     33 0.328947
    734 0.333333
    160 0.357143
    324 0.363636
     38 0.368421
    133 0.375000
     42 0.384615
     39 0.428571
   3503 0.500000
      1 > sequence
    221 1.000000
