     18 0.038462
     21 0.043478
      5 0.045455
     11 0.047619
      8 0.050000
      2 0.052632
     14 0.055556
      7 0.058824
     10 0.062500
      2 0.066667
     15 0.071429
     13 0.074074
      8 0.076923
     74 0.083333
     32 0.086957
     24 0.090909
     36 0.095238
     38 0.100000
      6 0.103448
     26 0.107143
     52 0.111111
      9 0.114286
      8 0.115385
     29 0.117647
     33 0.125000
     19 0.130435
     11 0.131579
     29 0.133333
     40 0.136364
      4 0.137931
    179 0.142857
     27 0.148148
     33 0.150000
     17 0.153846
     15 0.157895
    301 0.166667
     21 0.171429
     18 0.172414
    117 0.173913
     55 0.176471
     40 0.178571
     82 0.181818
     20 0.184211
     34 0.185185
     50 0.187500
     70 0.190476
     34 0.192308
    122 0.200000
     28 0.206897
      8 0.208333
     14 0.210526
     45 0.214286
     58 0.217391
     96 0.222222
     35 0.227273
     18 0.228571
     19 0.230769
     19 0.233333
     22 0.235294
     41 0.238095
      1 0.241379
    337 0.250000
      3 0.257143
     18 0.259259
     37 0.260870
      5 0.263158
     30 0.266667
      5 0.269231
     33 0.272727
      2 0.275862
     20 0.277778
    105 0.285714
     15 0.294118
      8 0.296296
     26 0.300000
     32 0.304348
      7 0.307692
     10 0.312500
      2 0.315789
      3 0.318182
     10 0.321429
    224 0.333333
      6 0.346154
     13 0.347826
      6 0.357143
     11 0.363636
      6 0.388889
      4 0.400000
      8 0.416667
     14 0.428571
      8 0.444444
    404 0.500000
      1 > Query
    136 1.000000
