    379 0.038462
    397 0.041667
    807 0.050000
    765 0.052632
   1554 0.055556
    372 0.058824
   1580 0.062500
   1522 0.066667
   1212 0.071429
   1926 0.076923
    781 0.080000
   9666 0.083333
    368 0.088235
   1184 0.090909
    410 0.096774
   7875 0.100000
    775 0.105263
   6914 0.111111
   1165 0.115385
    800 0.117647
    354 0.118182
    404 0.119048
    349 0.120370
  20576 0.125000
    828 0.127119
    397 0.127273
    420 0.127451
    792 0.129032
    382 0.130841
    781 0.131579
   4718 0.133333
    375 0.133929
    798 0.136364
    403 0.137255
    390 0.137441
    383 0.138381
    755 0.138614
    385 0.138889
    397 0.139344
    380 0.140000
    805 0.140992
    396 0.141667
   2775 0.142857
    373 0.143603
    380 0.144444
    393 0.144550
    398 0.145833
   3120 0.147059
    395 0.148148
    381 0.148936
    789 0.149533
   4154 0.150000
    380 0.150562
    409 0.150617
    351 0.150943
   1190 0.151786
    415 0.152318
    414 0.152542
    391 0.153086
    805 0.153285
   2772 0.153846
    417 0.154545
   1586 0.156250
    371 0.156542
    404 0.156863
    800 0.157303
   1167 0.157407
    395 0.157767
   3086 0.157895
    396 0.158333
    375 0.158416
    395 0.158730
    740 0.158879
    824 0.159574
   1643 0.160000
    792 0.160377
    392 0.160584
    370 0.160633
    379 0.160714
    373 0.161017
    422 0.161137
   1179 0.161290
    811 0.161905
    409 0.162621
    365 0.162896
    411 0.162963
    736 0.163170
    376 0.163265
    412 0.163551
    371 0.163730
    409 0.163855
    763 0.163934
    349 0.165398
    371 0.165501
    371 0.165553
    769 0.165888
    406 0.165939
    747 0.166265
    438 0.166292
  40067 0.166667
    386 0.167394
    413 0.167464
    789 0.167800
    393 0.167901
    394 0.167939
    338 0.168036
    385 0.168135
    410 0.168246
   1996 0.168317
    373 0.169048
    406 0.169131
    418 0.169192
    766 0.169492
    332 0.169643
    736 0.169683
   1144 0.169811
    371 0.169856
    392 0.169903
   1235 0.170000
    415 0.170068
    416 0.170163
    398 0.170198
    773 0.170213
    417 0.170354
    402 0.171263
    375 0.171450
    383 0.171620
    384 0.171770
    401 0.171784
    391 0.171865
    385 0.172012
    383 0.172027
    386 0.172131
    408 0.172249
    383 0.172266
    376 0.172318
    391 0.172324
    731 0.172330
    761 0.172336
    402 0.172461
    393 0.172494
    376 0.172585
    396 0.172727
    422 0.172897
    404 0.172986
    452 0.173005
    399 0.173105
    378 0.173142
    416 0.173295
    388 0.173323
    449 0.173415
    761 0.173442
    367 0.173455
    388 0.173494
    385 0.173529
    363 0.173979
    395 0.174141
    381 0.174157
    422 0.174165
    386 0.174180
    380 0.174189
   1106 0.174242
    375 0.174393
    400 0.174532
    378 0.174603
    763 0.174641
    373 0.174716
    381 0.174779
    393 0.174860
    790 0.175000
   1126 0.175182
    380 0.175187
    379 0.175211
    359 0.175400
    396 0.175439
    384 0.175492
    381 0.175573
    346 0.175584
    378 0.175649
    413 0.175707
    423 0.175817
    394 0.175907
   1121 0.175926
    372 0.175947
    383 0.176251
    392 0.176264
    402 0.176305
    755 0.176338
    390 0.176353
    404 0.176385
   4316 0.176471
    376 0.176554
    411 0.176600
    405 0.176656
    383 0.176734
    428 0.176787
    405 0.176820
    394 0.176829
    397 0.176856
    766 0.176871
    390 0.176901
    377 0.176934
    382 0.176960
    803 0.176991
    385 0.176998
    434 0.177033
    374 0.177065
    788 0.177083
    362 0.177130
    405 0.177173
    786 0.177206
    390 0.177342
    384 0.177355
    379 0.177431
   1199 0.177528
    398 0.177556
   1207 0.177570
    400 0.177584
    377 0.177618
    402 0.177645
    417 0.177680
    744 0.177745
    403 0.177763
   1553 0.177778
    365 0.177794
    408 0.177837
    365 0.177914
    387 0.177966
    371 0.178001
    405 0.178190
    382 0.178218
    417 0.178279
    352 0.178313
    398 0.178324
    375 0.178326
    388 0.178348
    379 0.178420
    382 0.178517
   1181 0.178571
    397 0.178596
    375 0.178699
    390 0.178762
    391 0.178916
    774 0.178962
    387 0.179073
    756 0.179138
    366 0.179148
    396 0.179242
   1102 0.179245
    404 0.179274
    796 0.179293
    399 0.179308
    374 0.179355
    388 0.179487
    399 0.179506
    413 0.179539
    398 0.179612
    385 0.179698
    419 0.179717
    386 0.179752
   1139 0.179775
    393 0.179792
    394 0.179825
    386 0.179862
    396 0.179931
    391 0.179960
    408 0.179985
    373 0.180000
    375 0.180014
    377 0.180029
    763 0.180085
    396 0.180106
   1156 0.180147
    391 0.180194
    398 0.180290
    380 0.180305
   1574 0.180328
    409 0.180426
    759 0.180478
    400 0.180512
    405 0.180524
    365 0.180531
    386 0.180536
    383 0.180620
    457 0.180630
    376 0.180697
    397 0.180723
    411 0.180829
   1202 0.180851
    388 0.180938
    422 0.180952
    395 0.181013
    409 0.181015
    380 0.181108
    384 0.181124
    372 0.181155
    433 0.181304
    397 0.181351
    382 0.181363
    419 0.181416
    376 0.181563
    800 0.181614
    407 0.181683
    757 0.181750
    414 0.181753
   3921 0.181818
    400 0.181882
    389 0.181886
    800 0.181946
    386 0.181947
    399 0.181969
    383 0.182007
    407 0.182018
    383 0.182022
    392 0.182065
    385 0.182110
    420 0.182155
    426 0.182163
    397 0.182165
    409 0.182249
    353 0.182273
    381 0.182301
    405 0.182362
    401 0.182365
    404 0.182366
    381 0.182409
    787 0.182423
    399 0.182430
    372 0.182482
    407 0.182492
    771 0.182498
    765 0.182528
    393 0.182582
    413 0.182597
   1116 0.182628
    371 0.182652
    383 0.182716
    394 0.182749
    404 0.182766
    386 0.182768
    425 0.182772
    419 0.182819
    401 0.182823
    380 0.182874
    415 0.182910
    760 0.182936
    416 0.182945
    390 0.182967
    376 0.182972
    398 0.182988
    378 0.183060
    380 0.183109
    392 0.183133
    388 0.183139
    801 0.183172
    406 0.183206
    374 0.183223
    767 0.183287
   1864 0.183333
    387 0.183363
    397 0.183424
    423 0.183461
    343 0.183502
    353 0.183507
    799 0.183556
    415 0.183599
    407 0.183616
    366 0.183628
    384 0.183666
    367 0.183673
    387 0.183755
    387 0.183809
    770 0.183824
    372 0.183847
   1576 0.183900
   1632 0.183916
    393 0.183959
    801 0.183989
    387 0.184049
    393 0.184062
    381 0.184071
    764 0.184083
    781 0.184103
    377 0.184149
    750 0.184156
    723 0.184175
    368 0.184191
    792 0.184211
    379 0.184248
    400 0.184282
    394 0.184322
   1122 0.184343
    389 0.184415
    770 0.184417
    384 0.184426
    777 0.184466
    391 0.184499
    405 0.184512
    418 0.184569
   1217 0.184604
    393 0.184718
    830 0.184731
    391 0.184742
    784 0.184767
    387 0.184834
    364 0.184842
    399 0.184848
    385 0.184851
    413 0.184874
    820 0.184937
   1206 0.184942
    412 0.184993
    395 0.185037
    377 0.185109
    379 0.185132
    404 0.185185
    770 0.185234
    408 0.185262
    381 0.185288
   1545 0.185430
    411 0.185462
    371 0.185467
    773 0.185472
    782 0.185520
    387 0.185590
    422 0.185606
    806 0.185629
    406 0.185638
   1169 0.185714
    779 0.185734
    363 0.185756
    818 0.185768
    382 0.185769
    440 0.185800
    395 0.185802
    422 0.185825
    418 0.185832
   2818 0.185841
    402 0.185860
    392 0.185871
    376 0.185941
    378 0.185972
    401 0.186011
    409 0.186030
    393 0.186082
    422 0.186134
    798 0.186141
    370 0.186150
    785 0.186178
    392 0.186238
    787 0.186240
    811 0.186295
    422 0.186317
    362 0.186327
    370 0.186340
    759 0.186386
    792 0.186441
    381 0.186475
    411 0.186480
    405 0.186517
    781 0.186557
    386 0.186589
    409 0.186676
    437 0.186707
    365 0.186776
    384 0.186798
    765 0.186821
    394 0.186838
    392 0.186846
    366 0.186858
    407 0.186869
    789 0.186888
   1184 0.186893
    415 0.186895
    386 0.186903
    793 0.186916
    349 0.186935
    393 0.186992
    411 0.187135
    396 0.187158
    409 0.187162
    386 0.187166
    415 0.187205
    378 0.187212
    387 0.187277
    382 0.187370
    396 0.187375
    369 0.187389
    367 0.187455
  10504 0.187500
    379 0.187523
    796 0.187588
    381 0.187595
    395 0.187611
   1152 0.187638
    389 0.187640
    408 0.187654
    425 0.187734
    411 0.187853
    385 0.187871
    378 0.187872
    378 0.187883
    404 0.187919
   1207 0.187952
    374 0.187954
    370 0.187959
    351 0.187964
    420 0.187991
    368 0.188015
    807 0.188043
    405 0.188095
    385 0.188119
    381 0.188168
    723 0.188209
    380 0.188223
    350 0.188272
    791 0.188293
    391 0.188317
    396 0.188325
    386 0.188347
    767 0.188374
    394 0.188395
    386 0.188411
    382 0.188454
    418 0.188501
   1499 0.188525
    391 0.188530
    383 0.188553
    406 0.188567
    352 0.188569
    409 0.188693
    356 0.188694
    392 0.188705
    333 0.188748
    790 0.188758
   1194 0.188764
    377 0.188811
    417 0.188881
   1201 0.188889
    408 0.188927
    354 0.188995
    379 0.188999
    381 0.189020
    394 0.189024
    693 0.189045
    377 0.189050
    427 0.189081
    383 0.189088
    405 0.189107
    377 0.189129
    397 0.189148
    422 0.189226
    376 0.189229
    779 0.189252
    394 0.189266
    370 0.189274
    385 0.189288
    371 0.189300
    378 0.189326
    382 0.189394
    817 0.189405
   1134 0.189411
    407 0.189450
    392 0.189573
    815 0.189607
    770 0.189619
    386 0.189625
    390 0.189631
    380 0.189643
    392 0.189686
    753 0.189704
    385 0.189735
    762 0.189747
   1153 0.189781
    376 0.189799
    766 0.189845
    381 0.189854
    772 0.189938
    802 0.189975
    382 0.190000
    381 0.190058
    401 0.190123
    775 0.190136
    373 0.190146
    762 0.190157
    409 0.190184
    394 0.190236
   1159 0.190262
    365 0.190265
    379 0.190286
    872 0.190311
    375 0.190326
    381 0.190341
    347 0.190427
    386 0.190442
    408 0.190445
   1165 0.190476
    395 0.190574
    416 0.190577
    790 0.190583
    400 0.190601
    379 0.190623
    369 0.190684
    378 0.190726
    791 0.190762
    382 0.190789
    758 0.190796
    391 0.190840
    427 0.190856
    402 0.190866
    374 0.190897
    787 0.190909
    378 0.190936
    392 0.190985
    410 0.191011
    364 0.191019
    802 0.191049
    355 0.191051
    389 0.191057
    350 0.191108
    424 0.191114
    407 0.191116
    419 0.191142
    334 0.191167
    411 0.191176
    365 0.191286
    413 0.191307
    822 0.191317
    416 0.191377
    809 0.191388
   1209 0.191489
    352 0.191576
    801 0.191617
    793 0.191640
    397 0.191667
   1192 0.191679
    756 0.191691
    410 0.191713
    392 0.191717
    398 0.191734
    384 0.191744
    790 0.191748
    417 0.191760
    389 0.191772
    828 0.191800
    372 0.191804
    376 0.191912
    422 0.191916
    393 0.191919
    804 0.191940
   1140 0.192053
    802 0.192088
   1188 0.192133
    396 0.192212
    397 0.192221
    387 0.192228
    410 0.192229
    379 0.192251
    380 0.192255
    382 0.192256
    802 0.192280
   1187 0.192308
    404 0.192394
    411 0.192410
    372 0.192416
    387 0.192422
    729 0.192472
    400 0.192478
    769 0.192593
    395 0.192647
    377 0.192676
    407 0.192681
    385 0.192703
    768 0.192743
   1545 0.192744
    786 0.192771
    371 0.192789
    759 0.192852
    768 0.192857
    389 0.192868
    365 0.192890
    396 0.192916
    384 0.192922
    761 0.192929
    786 0.192947
    375 0.192969
    780 0.192982
    378 0.192995
    372 0.193018
    385 0.193033
    779 0.193089
    395 0.193139
    397 0.193158
    401 0.193182
    365 0.193211
    374 0.193258
    406 0.193269
    405 0.193306
    388 0.193473
    414 0.193503
    777 0.193525
   1938 0.193548
    398 0.193583
    379 0.193592
    383 0.193616
    777 0.193670
    439 0.193710
    424 0.193721
    806 0.193742
    355 0.193759
    405 0.193764
    780 0.193780
    383 0.193820
    373 0.193831
    409 0.193878
    821 0.193885
    407 0.193925
    406 0.193939
    367 0.194045
    357 0.194118
    731 0.194260
    374 0.194313
    399 0.194320
    801 0.194341
    428 0.194402
   2281 0.194444
    812 0.194465
    384 0.194522
    366 0.194567
    369 0.194602
    784 0.194606
    756 0.194904
    381 0.194915
    416 0.194973
    395 0.194996
    800 0.195011
    379 0.195072
    362 0.195086
    374 0.195090
    405 0.195096
    426 0.195156
    400 0.195225
    357 0.195238
    741 0.195312
    741 0.195335
    776 0.195569
    410 0.195576
    773 0.195668
    389 0.195781
    378 0.195804
    385 0.195830
    385 0.196038
    369 0.196051
   1566 0.196078
    380 0.196137
    793 0.196245
    400 0.196255
    777 0.196262
    386 0.196324
    350 0.196333
    385 0.196365
    399 0.196391
    378 0.196417
    403 0.196429
    824 0.196468
    418 0.196477
    410 0.196502
    400 0.196507
    384 0.196629
    395 0.196635
    393 0.196662
    385 0.196664
    386 0.196672
   1123 0.196682
    823 0.196721
    750 0.196756
    376 0.196793
    378 0.196833
    369 0.196868
    386 0.196899
    373 0.197034
   1906 0.197080
    384 0.197188
    383 0.197279
    396 0.197309
    409 0.197331
    400 0.197388
    416 0.197461
    377 0.197476
    397 0.197504
    368 0.197531
    379 0.197540
    389 0.197614
    372 0.197682
    807 0.197779
    387 0.197909
   1577 0.197917
    381 0.198057
    387 0.198099
    834 0.198113
    441 0.198185
    799 0.198205
    375 0.198218
    403 0.198309
    389 0.198341
    405 0.198366
    407 0.198446
    405 0.198473
    366 0.198509
    752 0.198565
    409 0.198598
    391 0.198616
    409 0.198864
    412 0.198935
    387 0.199062
    422 0.199077
    413 0.199087
    431 0.199095
    407 0.199115
    390 0.199153
    390 0.199495
    388 0.199546
    371 0.199706
    442 0.199784
    409 0.199851
    416 0.199863
  18451 0.200000
    360 0.200149
    360 0.200398
    400 0.200466
    379 0.200492
    409 0.200735
   1192 0.200873
    386 0.200883
    358 0.201044
    411 0.201055
    811 0.201194
    390 0.201327
    367 0.201357
    394 0.201681
    399 0.201737
   1161 0.201754
    386 0.201770
   1575 0.201814
    375 0.201897
    355 0.201930
    397 0.201943
    730 0.202020
    390 0.202128
    362 0.202135
    362 0.202262
    424 0.202381
    376 0.202410
    381 0.202467
    395 0.202673
    382 0.203002
    368 0.203193
    377 0.203216
    384 0.203415
    408 0.203456
    385 0.203540
    410 0.203620
    384 0.203704
    405 0.204036
    370 0.204112
    407 0.204152
    412 0.204380
    345 0.204458
    397 0.204512
   1150 0.204918
    802 0.204938
    398 0.205181
   1213 0.205357
    403 0.205508
   1977 0.205607
    400 0.205727
    412 0.205742
    393 0.205752
   3579 0.205882
    425 0.205993
    377 0.206107
    404 0.206140
    806 0.206161
    795 0.206266
    345 0.207071
    399 0.207229
    380 0.207459
   1576 0.207547
    374 0.207783
    360 0.207921
   3103 0.208333
    389 0.208556
    375 0.208617
    392 0.208738
    756 0.208877
    379 0.208989
    788 0.209091
    389 0.209559
    807 0.210000
    374 0.210280
    795 0.210526
    375 0.210605
    415 0.210884
    368 0.210900
    743 0.211165
    421 0.211352
    409 0.211679
    800 0.211864
    802 0.212121
    410 0.212346
    397 0.212509
    377 0.212617
    770 0.212670
    387 0.212679
    780 0.212766
    807 0.212963
    399 0.213115
    380 0.213152
   3908 0.214286
    376 0.214391
    826 0.214458
    816 0.214953
    387 0.215640
    778 0.215686
    397 0.216667
    787 0.216981
    819 0.217822
    376 0.217978
    398 0.218009
    377 0.218182
   1589 0.218750
    400 0.219321
    377 0.220096
    385 0.220339
    408 0.221932
   9125 0.222222
    411 0.222472
    765 0.223404
    380 0.224299
    421 0.224543
    754 0.225000
    745 0.225490
    399 0.225728
   1182 0.225806
    400 0.226107
    413 0.226244
   3161 0.227273
    779 0.227723
    823 0.228070
    767 0.228814
    372 0.230000
   2283 0.230769
    787 0.232143
    398 0.233333
   1850 0.235294
    401 0.236842
    407 0.237705
    774 0.238095
      1 0.239457
    426 0.239583
   1559 0.240000
    343 0.240449
    368 0.240741
    380 0.240876
    387 0.241667
    379 0.245455
    374 0.245763
  53140 0.250000
      1 0.251377
      1 0.251763
    382 0.252336
    399 0.254545
    390 0.257426
    760 0.258065
    406 0.258929
    369 0.259259
    380 0.261905
    759 0.263158
    788 0.264706
   2013 0.266667
      1 0.267327
   1131 0.269231
    384 0.270000
    419 0.272727
   3510 0.277778
      1 0.281984
   1540 0.285714
    429 0.288889
    367 0.291667
    769 0.294118
   3512 0.300000
   1134 0.307692
   1548 0.312500
    801 0.315789
  13679 0.333333
    411 0.343750
    395 0.350000
    411 0.368421
   3536 0.375000
    732 0.384615
   1944 0.400000
   1990 0.416667
    831 0.444444
  30512 0.500000
      1 > sequence
   4711 1.000000
