      7 0.076923
      8 0.083333
     27 0.090909
      8 0.100000
     40 0.111111
    111 0.125000
     92 0.142857
     12 0.153846
    188 0.166667
     43 0.181818
    149 0.200000
     69 0.222222
      6 0.230769
    299 0.250000
     41 0.272727
     87 0.285714
      4 0.300000
      1 0.307692
    212 0.333333
      5 0.363636
     25 0.375000
     54 0.400000
     11 0.428571
      3 0.444444
      2 0.461538
    468 0.500000
      9 0.600000
      9 0.666667
      2 0.750000
      1 > Query
     80 1.000000
