     91 0.033333
    539 0.038462
    424 0.041667
   1096 0.045455
    105 0.049505
    267 0.050000
    110 0.052632
    604 0.055556
    100 0.058824
     91 0.060606
    257 0.062500
    285 0.066667
     97 0.068182
    827 0.071429
   1193 0.076923
     90 0.078947
   2212 0.083333
    370 0.088235
     96 0.088889
   1805 0.090909
    351 0.093750
    200 0.096774
    104 0.099010
   5404 0.100000
     97 0.101695
     96 0.102041
    264 0.105263
    108 0.106383
     92 0.107143
     94 0.108333
     74 0.108911
    341 0.110092
     99 0.110169
   1614 0.111111
    100 0.112150
     99 0.112360
    192 0.113636
    100 0.114286
    308 0.114583
   1825 0.115385
    321 0.115789
    756 0.117647
     99 0.118182
    173 0.118421
    186 0.118812
     95 0.119266
    103 0.121212
    295 0.123596
     97 0.123711
    108 0.123810
  10675 0.125000
     86 0.126316
    101 0.127119
     80 0.127273
    100 0.127660
     89 0.127907
    408 0.128713
    404 0.129032
     96 0.129518
    298 0.130435
     90 0.130769
     94 0.131498
    372 0.131579
     94 0.132075
    119 0.132231
    104 0.132653
   1731 0.133333
     83 0.133929
    105 0.134731
    194 0.134831
    182 0.135417
    103 0.135542
    192 0.135593
     94 0.136240
   2958 0.136364
     90 0.136483
    168 0.136842
    102 0.137072
     98 0.137255
    261 0.137615
    168 0.138298
     90 0.138462
    232 0.138614
    978 0.138889
     83 0.139683
     96 0.139785
     91 0.140000
     96 0.140496
    182 0.140762
    190 0.141026
    207 0.141304
     77 0.141414
    187 0.141509
     86 0.141593
    107 0.141643
    202 0.141667
    104 0.141914
   4149 0.142857
     96 0.143678
     88 0.143695
     91 0.143713
     99 0.144068
    202 0.144144
     95 0.144231
    118 0.144414
     93 0.144578
    100 0.144737
    198 0.144886
     98 0.144928
    100 0.145038
    378 0.145455
    109 0.145570
    105 0.145773
    402 0.145833
    557 0.146067
    214 0.146154
    110 0.146409
    198 0.146552
    108 0.146628
    779 0.146789
    974 0.147059
     88 0.147139
    201 0.147239
    209 0.147368
     93 0.147590
     92 0.147727
    508 0.148148
    107 0.148256
     95 0.148368
     95 0.148387
    108 0.148515
    112 0.148734
    296 0.148760
    288 0.148936
    203 0.148997
    101 0.149390
    187 0.149425
    105 0.149457
    203 0.149606
     94 0.149660
     98 0.149682
    107 0.149701
     82 0.149877
   1126 0.150000
     99 0.150307
     79 0.150442
    200 0.150538
     93 0.150568
    551 0.150943
     97 0.150997
    186 0.151163
    605 0.151515
     85 0.151599
    114 0.151603
     99 0.151613
     92 0.151703
    100 0.151762
    186 0.151862
    219 0.151934
     92 0.152000
     99 0.152113
     90 0.152116
    605 0.152174
     84 0.152334
    510 0.152542
     86 0.152589
     79 0.152738
    101 0.152905
     89 0.152941
    118 0.152975
     94 0.153125
    213 0.153153
     97 0.153374
    104 0.153401
     97 0.153409
     95 0.153605
     93 0.153639
     95 0.153731
   2727 0.153846
     76 0.154079
    119 0.154088
     90 0.154286
    319 0.154545
     94 0.154639
    115 0.154696
     98 0.155039
    312 0.155172
    188 0.155340
    104 0.155440
    107 0.155556
     96 0.155620
     94 0.155763
    412 0.155963
   3073 0.156250
    100 0.156442
     92 0.156463
     85 0.156627
    109 0.156695
    187 0.156740
    768 0.156863
    289 0.157025
    199 0.157061
     90 0.157100
    582 0.157303
    101 0.157368
    288 0.157407
     87 0.157480
     91 0.157593
    190 0.157609
    208 0.157746
   2266 0.157895
     99 0.158038
     75 0.158046
    354 0.158192
     78 0.158263
    117 0.158333
     95 0.158358
    386 0.158416
    101 0.158554
    301 0.158683
    208 0.158879
    111 0.158904
     92 0.158960
     95 0.158996
    105 0.159021
    100 0.159030
    173 0.159091
     69 0.159159
     99 0.159218
    182 0.159292
    103 0.159317
    105 0.159420
    189 0.159574
    104 0.159686
     96 0.159701
     81 0.159763
    101 0.159875
     99 0.159892
     87 0.159942
    420 0.160000
    195 0.160105
    310 0.160237
    195 0.160305
     94 0.160326
     97 0.160350
    643 0.160377
    294 0.160458
    115 0.160526
    109 0.160606
    188 0.160656
    106 0.160671
    407 0.160714
     89 0.160811
    209 0.160858
    176 0.160920
    202 0.160991
     89 0.160995
    547 0.161017
     87 0.161031
    104 0.161039
     98 0.161194
    201 0.161202
    197 0.161290
    100 0.161392
     85 0.161473
    213 0.161491
     83 0.161517
    101 0.161538
     99 0.161644
    194 0.161677
     83 0.161716
     93 0.161725
     98 0.161765
     94 0.161954
    100 0.162080
    120 0.162084
    276 0.162162
    121 0.162234
     98 0.162242
    102 0.162356
     98 0.162393
     88 0.162420
    108 0.162500
    161 0.162577
    102 0.162687
     85 0.162730
    490 0.162791
     83 0.162857
     92 0.162907
     84 0.162921
    180 0.163043
     96 0.163059
     95 0.163205
    103 0.163209
    596 0.163265
     81 0.163293
     95 0.163380
    386 0.163462
    309 0.163488
     87 0.163522
    105 0.163611
    759 0.163636
     80 0.163782
    796 0.163793
    188 0.163842
     86 0.163934
     97 0.164087
    201 0.164134
    101 0.164159
    183 0.164223
     85 0.164258
     89 0.164265
     98 0.164306
     98 0.164363
     94 0.164420
    199 0.164516
    208 0.164634
    194 0.164671
     84 0.164773
    101 0.164804
    110 0.164865
     99 0.164879
     93 0.164935
     97 0.164948
     98 0.164978
    101 0.165049
    194 0.165079
    283 0.165109
    102 0.165113
    991 0.165138
    188 0.165165
     91 0.165230
    189 0.165289
     97 0.165312
     99 0.165354
    110 0.165375
     87 0.165572
     79 0.165597
     95 0.165621
    108 0.165625
    207 0.165663
     97 0.165680
    371 0.165698
     98 0.165706
     92 0.165714
    218 0.165761
    129 0.165899
     96 0.165945
    191 0.165969
    187 0.166144
    202 0.166154
    191 0.166163
     91 0.166172
    311 0.166181
     83 0.166185
     93 0.166189
     94 0.166213
     98 0.166216
     97 0.166234
     98 0.166417
  26299 0.166667
    185 0.166897
     86 0.166917
     88 0.167116
     92 0.167123
    101 0.167135
    103 0.167155
    198 0.167164
    191 0.167173
    102 0.167183
     82 0.167315
     94 0.167341
     98 0.167364
    106 0.167382
     97 0.167526
     94 0.167532
     89 0.167539
    103 0.167614
    108 0.167647
    381 0.167665
    101 0.167683
    196 0.167804
    175 0.168000
    199 0.168022
    115 0.168091
    116 0.168103
     89 0.168116
    212 0.168142
    110 0.168164
    280 0.168168
    276 0.168224
     94 0.168254
    188 0.168263
    473 0.168317
     87 0.168342
    109 0.168375
    383 0.168394
    291 0.168421
    109 0.168449
     96 0.168464
    470 0.168539
    353 0.168571
    112 0.168643
     88 0.168675
     93 0.168956
    477 0.169014
    114 0.169054
     89 0.169075
     95 0.169082
    315 0.169096
    290 0.169139
    105 0.169147
    274 0.169184
     94 0.169188
     94 0.169231
    370 0.169279
    199 0.169355
     86 0.169399
     94 0.169468
    731 0.169492
     97 0.169540
     97 0.169583
    290 0.169591
    413 0.169643
     88 0.169666
    229 0.169680
    468 0.169697
   1126 0.169811
     97 0.169839
    319 0.169863
     98 0.169909
     93 0.169925
     91 0.170029
    106 0.170040
     93 0.170088
     96 0.170130
     96 0.170149
    103 0.170153
    101 0.170157
    415 0.170213
     98 0.170264
    196 0.170279
    188 0.170391
    217 0.170418
     84 0.170455
    103 0.170501
     95 0.170507
    203 0.170520
    174 0.170543
     99 0.170564
     94 0.170604
    478 0.170659
    204 0.170663
     91 0.170732
    281 0.170807
    191 0.170854
     92 0.170886
     97 0.170968
    111 0.170999
     80 0.171014
    200 0.171053
     93 0.171091
    115 0.171159
    663 0.171171
     90 0.171184
    112 0.171196
     91 0.171278
     88 0.171303
     97 0.171340
    297 0.171348
     98 0.171388
    495 0.171429
     98 0.171466
    186 0.171508
    472 0.171512
    101 0.171548
    206 0.171617
    186 0.171622
    388 0.171662
     88 0.171674
    110 0.171703
    290 0.171717
     92 0.171771
    293 0.171779
    299 0.171831
     98 0.171895
    114 0.171920
     94 0.171975
     94 0.172000
     93 0.172012
    168 0.172043
    102 0.172073
     94 0.172107
    209 0.172131
    103 0.172205
     91 0.172222
    108 0.172237
     80 0.172275
    214 0.172308
    201 0.172316
    898 0.172414
    106 0.172460
    275 0.172507
    197 0.172515
    192 0.172603
    104 0.172619
    109 0.172643
     93 0.172662
    304 0.172727
     96 0.172740
    193 0.172775
    503 0.172805
    116 0.172857
    105 0.172911
    112 0.172922
    105 0.172943
    104 0.172956
    291 0.172973
     95 0.173021
    516 0.173077
    168 0.173103
    127 0.173104
    281 0.173127
     81 0.173134
    210 0.173228
    218 0.173252
    179 0.173280
     90 0.173295
    104 0.173333
    109 0.173352
     87 0.173367
    498 0.173375
    269 0.173410
    115 0.173442
    193 0.173484
     98 0.173542
    538 0.173554
    293 0.173684
    124 0.173770
    102 0.173789
     92 0.173797
    113 0.173800
   1304 0.173913
    307 0.173971
    120 0.173973
    101 0.174026
    115 0.174033
    308 0.174051
    298 0.174157
    206 0.174174
    112 0.174185
    115 0.174194
    210 0.174221
    100 0.174242
    269 0.174263
    296 0.174286
    518 0.174312
    100 0.174338
    780 0.174419
     82 0.174451
    370 0.174455
    183 0.174535
    193 0.174556
    182 0.174560
    181 0.174603
    211 0.174625
     95 0.174627
    211 0.174648
    190 0.174731
    432 0.174757
    377 0.174785
    112 0.174825
    384 0.174847
    113 0.174863
     97 0.174894
    107 0.174927
    101 0.174964
    551 0.175000
    294 0.175103
    482 0.175141
     94 0.175172
    123 0.175202
     87 0.175227
    392 0.175258
     86 0.175272
    406 0.175287
     87 0.175325
    380 0.175342
     86 0.175385
     93 0.175412
    205 0.175439
    298 0.175573
    191 0.175595
    206 0.175603
     90 0.175637
     97 0.175657
    117 0.175659
    177 0.175676
    482 0.175711
     97 0.175732
    294 0.175758
    184 0.175793
     98 0.175879
    111 0.175913
    108 0.175926
    193 0.175953
    264 0.175966
    399 0.176000
    105 0.176066
     99 0.176084
    197 0.176101
    365 0.176119
    252 0.176136
    106 0.176152
    119 0.176224
    200 0.176292
     95 0.176301
    184 0.176305
   2043 0.176471
     89 0.176548
    233 0.176552
    276 0.176630
    475 0.176647
     87 0.176724
    284 0.176768
    100 0.176803
    280 0.176829
     95 0.176849
    185 0.176912
     91 0.176913
    105 0.176923
    260 0.176944
    198 0.176966
     95 0.176991
    314 0.177019
    307 0.177040
   1077 0.177083
    360 0.177112
     93 0.177127
    411 0.177143
    352 0.177177
     86 0.177198
     91 0.177267
    610 0.177326
     99 0.177333
    107 0.177370
    206 0.177396
    218 0.177419
    107 0.177442
    100 0.177458
    203 0.177465
     97 0.177489
    754 0.177570
     86 0.177596
    289 0.177650
     91 0.177711
    110 0.177715
    110 0.177746
    687 0.177778
     97 0.177807
    200 0.177809
     85 0.177835
    109 0.177839
    289 0.177843
    109 0.177866
     85 0.177871
    205 0.177898
    105 0.177931
    106 0.177945
   1156 0.177966
     85 0.178010
    103 0.178042
    513 0.178082
     90 0.178138
    487 0.178161
     93 0.178168
     90 0.178187
    673 0.178218
    212 0.178248
    212 0.178295
    313 0.178317
     88 0.178344
    191 0.178363
     94 0.178392
    100 0.178411
     93 0.178423
     99 0.178429
     96 0.178462
    194 0.178470
    101 0.178478
     98 0.178522
    908 0.178571
    186 0.178620
     86 0.178674
    391 0.178683
     91 0.178712
    216 0.178718
    110 0.178744
    209 0.178771
    186 0.178788
     97 0.178817
    101 0.178827
    103 0.178862
    100 0.178886
    683 0.178947
     86 0.178977
     96 0.178988
     96 0.179083
    196 0.179104
    103 0.179126
    183 0.179144
    221 0.179191
     89 0.179198
    415 0.179207
    195 0.179221
    687 0.179245
    197 0.179272
    103 0.179310
    101 0.179319
    579 0.179348
    100 0.179423
    103 0.179450
    206 0.179452
    217 0.179487
     91 0.179558
    276 0.179567
    200 0.179587
    503 0.179625
    185 0.179632
    404 0.179641
    306 0.179710
     86 0.179718
     94 0.179724
     78 0.179730
     77 0.179743
    102 0.179760
    650 0.179775
    292 0.179806
    278 0.179878
     82 0.179887
    100 0.179916
     92 0.179941
    181 0.179949
    303 0.180000
    108 0.180026
     92 0.180060
    300 0.180064
     83 0.180082
     89 0.180088
    212 0.180108
     85 0.180124
    876 0.180180
    285 0.180233
    206 0.180282
     79 0.180285
    318 0.180328
    203 0.180350
    104 0.180375
    108 0.180380
    194 0.180412
    173 0.180420
    110 0.180428
    185 0.180451
    108 0.180473
    268 0.180516
     98 0.180593
    112 0.180611
    191 0.180628
     86 0.180654
    103 0.180678
    193 0.180685
    215 0.180707
    182 0.180723
    475 0.180758
    510 0.180791
    105 0.180807
    187 0.180822
    293 0.180851
    678 0.180879
     81 0.180897
    200 0.180952
    200 0.180982
    388 0.181009
   1085 0.181034
    113 0.181047
    269 0.181102
    101 0.181159
    102 0.181170
    226 0.181180
    206 0.181260
    190 0.181269
     93 0.181287
    317 0.181303
     98 0.181319
    108 0.181333
    186 0.181429
    296 0.181446
     94 0.181529
    217 0.181538
    194 0.181552
    299 0.181564
     98 0.181572
     92 0.181579
     77 0.181582
     92 0.181688
   6538 0.181818
     90 0.181943
    100 0.181965
    184 0.182065
    190 0.182073
    207 0.182081
    110 0.182186
    199 0.182192
    378 0.182306
    189 0.182353
    309 0.182371
    195 0.182390
     95 0.182461
     91 0.182471
    104 0.182519
    289 0.182561
    183 0.182573
    107 0.182584
     87 0.182596
    275 0.182609
    309 0.182635
    587 0.182663
    521 0.182692
    259 0.182796
    102 0.182810
    676 0.182857
    105 0.182891
    300 0.182927
     77 0.182957
    183 0.182990
     88 0.183042
    457 0.183099
     87 0.183117
     99 0.183136
    831 0.183140
    191 0.183183
    372 0.183206
    279 0.183230
    193 0.183246
    113 0.183261
     90 0.183267
    219 0.183280
    386 0.183288
    179 0.183311
    481 0.183333
    376 0.183357
    196 0.183381
    176 0.183417
    296 0.183424
    104 0.183432
    175 0.183459
    476 0.183463
    189 0.183473
   1183 0.183486
     89 0.183511
    199 0.183526
     92 0.183536
    502 0.183562
     86 0.183569
    225 0.183575
    197 0.183607
    467 0.183616
    368 0.183673
    192 0.183727
    174 0.183755
     88 0.183784
    104 0.183801
     93 0.183862
    570 0.183908
     93 0.183938
     94 0.183956
     93 0.183989
    112 0.184000
    223 0.184049
    284 0.184066
    197 0.184100
     95 0.184136
    193 0.184175
     91 0.184176
    870 0.184211
    197 0.184275
     89 0.184343
    281 0.184375
    178 0.184388
    185 0.184416
     89 0.184453
    300 0.184466
    412 0.184524
    198 0.184549
    104 0.184555
    380 0.184615
     82 0.184636
    174 0.184652
    503 0.184659
     95 0.184679
    300 0.184713
    172 0.184751
    182 0.184755
    497 0.184783
    175 0.184814
    105 0.184818
     97 0.184828
    400 0.184848
    104 0.184922
     95 0.184932
    487 0.184953
    285 0.184962
    542 0.184987
    213 0.185075
     78 0.185083
     96 0.185087
    102 0.185090
    870 0.185185
    110 0.185239
    110 0.185283
    467 0.185286
    202 0.185290
     99 0.185294
    197 0.185333
     94 0.185339
    402 0.185393
    180 0.185410
     80 0.185473
     98 0.185495
    284 0.185535
     84 0.185539
    275 0.185552
    312 0.185567
    374 0.185629
    520 0.185714
     95 0.185759
    646 0.185841
    401 0.185864
    316 0.185915
    120 0.185923
    203 0.185930
    216 0.185944
    285 0.185976
    167 0.185984
     94 0.186012
   1876 0.186047
    297 0.186080
    105 0.186111
    105 0.186141
     96 0.186147
    202 0.186170
    104 0.186178
    390 0.186186
     90 0.186207
    419 0.186246
    765 0.186275
     86 0.186301
    252 0.186335
     95 0.186344
    194 0.186352
    102 0.186370
    199 0.186391
   1225 0.186441
    101 0.186528
    203 0.186544
    315 0.186589
     82 0.186597
    104 0.186667
    208 0.186686
    188 0.186704
     98 0.186709
    296 0.186722
    114 0.186732
    103 0.186739
    401 0.186747
     91 0.186770
    515 0.186782
     95 0.186798
    111 0.186842
     97 0.186869
    200 0.186876
    124 0.186885
    271 0.186903
    488 0.186916
    188 0.186944
     96 0.186951
    204 0.186969
    101 0.186992
    101 0.187013
    192 0.187050
     92 0.187070
     94 0.187079
     82 0.187088
     93 0.187117
    497 0.187135
    100 0.187143
    182 0.187251
    197 0.187302
    105 0.187311
     97 0.187320
    282 0.187406
    218 0.187411
    302 0.187413
    200 0.187415
    207 0.187420
   4196 0.187500
    115 0.187584
     98 0.187586
    101 0.187590
    309 0.187661
    413 0.187668
    103 0.187671
    206 0.187683
     86 0.187761
     94 0.187831
    277 0.187861
    201 0.187898
    108 0.187911
    204 0.187970
     94 0.188000
    391 0.188011
     92 0.188034
    101 0.188067
    369 0.188088
    201 0.188105
    906 0.188119
     91 0.188133
     91 0.188172
    175 0.188187
    107 0.188202
    103 0.188206
    196 0.188235
    186 0.188267
    120 0.188302
     84 0.188312
     87 0.188385
    204 0.188406
     93 0.188442
    269 0.188450
    378 0.188571
    120 0.188579
    612 0.188623
    290 0.188630
   1779 0.188679
    298 0.188703
    276 0.188732
    109 0.188761
    101 0.188791
    414 0.188854
    197 0.188859
    214 0.188873
    325 0.188889
     78 0.188920
    103 0.188940
    399 0.188953
    589 0.188976
    211 0.188988
    197 0.188999
     97 0.189008
    302 0.189024
    188 0.189033
    305 0.189041
    314 0.189112
    173 0.189152
    102 0.189153
   1365 0.189189
     99 0.189223
    589 0.189266
     87 0.189333
     91 0.189349
    208 0.189394
    108 0.189441
     93 0.189448
    788 0.189474
     98 0.189504
    283 0.189533
     97 0.189580
    291 0.189602
     83 0.189610
    880 0.189655
    264 0.189711
    181 0.189759
    103 0.189771
     93 0.189802
    311 0.189821
     94 0.189907
    295 0.189911
     85 0.189922
    117 0.190027
     86 0.190058
    104 0.190083
    175 0.190150
    189 0.190164
    570 0.190184
     78 0.190202
    478 0.190217
     97 0.190231
    103 0.190272
     94 0.190323
    376 0.190332
    220 0.190337
    317 0.190341
    178 0.190405
    302 0.190411
    344 0.190476
    111 0.190539
    296 0.190541
    216 0.190608
    100 0.190612
    103 0.190616
     89 0.190625
    110 0.190661
    185 0.190722
    194 0.190751
    101 0.190840
     85 0.190860
    107 0.190871
   1174 0.190909
    103 0.190948
    196 0.190977
    212 0.190996
    762 0.191011
     96 0.191027
     98 0.191041
    287 0.191045
    413 0.191074
    382 0.191099
     92 0.191155
    388 0.191176
    185 0.191197
    469 0.191214
    201 0.191218
    641 0.191223
    189 0.191271
    387 0.191375
    202 0.191419
    295 0.191429
     81 0.191489
    371 0.191549
    208 0.191576
    299 0.191601
    789 0.191617
    202 0.191643
    111 0.191667
     97 0.191689
    291 0.191702
    288 0.191710
    198 0.191740
    399 0.191781
     92 0.191819
    292 0.191824
     96 0.191847
    133 0.191853
    779 0.191860
    286 0.191892
    458 0.191919
    278 0.191950
    122 0.191964
     97 0.191977
    583 0.192000
    360 0.192073
    110 0.192090
     93 0.192105
    397 0.192192
    116 0.192197
    303 0.192208
     90 0.192254
   4280 0.192308
    204 0.192358
     98 0.192362
     86 0.192408
    181 0.192412
    109 0.192420
    115 0.192469
    162 0.192506
    747 0.192529
    172 0.192547
    105 0.192555
    106 0.192563
     86 0.192582
    326 0.192635
   1160 0.192661
    115 0.192737
    177 0.192771
     98 0.192802
    191 0.192878
     88 0.192886
    390 0.192935
    200 0.192982
     87 0.193029
    189 0.193084
    190 0.193122
    288 0.193146
    450 0.193151
    201 0.193167
    268 0.193182
     90 0.193225
    214 0.193237
    106 0.193243
    570 0.193252
     92 0.193299
    101 0.193333
    311 0.193353
     78 0.193362
    107 0.193403
    397 0.193452
    202 0.193457
     99 0.193460
    106 0.193467
   1231 0.193548
    111 0.193676
    119 0.193681
    113 0.193717
    101 0.193724
    100 0.193732
    178 0.193798
    191 0.193809
    419 0.193820
    181 0.193850
    104 0.193863
    182 0.193878
    518 0.193939
    105 0.193948
    110 0.193966
    214 0.194030
    106 0.194051
    449 0.194070
    393 0.194118
    337 0.194149
    103 0.194175
     94 0.194203
    229 0.194226
    109 0.194236
     92 0.194245
    107 0.194268
    507 0.194286
    101 0.194301
    176 0.194357
    187 0.194366
   1332 0.194444
    202 0.194479
    274 0.194521
     91 0.194529
    105 0.194553
     90 0.194564
    276 0.194595
     94 0.194602
    498 0.194611
    112 0.194640
    293 0.194690
     78 0.194719
    230 0.194737
    223 0.194767
    187 0.194805
    406 0.194842
    167 0.194847
    207 0.194858
    111 0.194903
    945 0.194915
     96 0.194969
    184 0.195021
    185 0.195046
    107 0.195084
    276 0.195089
     95 0.195090
    393 0.195122
    194 0.195155
    299 0.195195
    108 0.195219
    221 0.195258
    106 0.195266
    526 0.195335
    104 0.195369
    690 0.195402
     98 0.195435
    111 0.195467
    119 0.195531
    111 0.195622
   1214 0.195652
    100 0.195682
    172 0.195710
    204 0.195714
    206 0.195719
    100 0.195767
    100 0.195795
    209 0.195804
    218 0.195846
    590 0.195876
    300 0.195890
    452 0.195906
     93 0.195946
    396 0.195965
     83 0.195994
    115 0.196023
    201 0.196051
    575 0.196078
     85 0.196141
    191 0.196185
    210 0.196248
    908 0.196262
    175 0.196275
    464 0.196319
     95 0.196375
    186 0.196382
     88 0.196402
    109 0.196429
    110 0.196453
    101 0.196481
    188 0.196501
    105 0.196524
    204 0.196560
    105 0.196581
    285 0.196629
    181 0.196643
     88 0.196653
    183 0.196699
    412 0.196721
    280 0.196765
    103 0.196816
     80 0.196825
    101 0.196839
    211 0.196850
    200 0.196875
     94 0.196884
    411 0.196970
    195 0.197011
    107 0.197015
    475 0.197143
    103 0.197241
    111 0.197260
    117 0.197279
     84 0.197297
     92 0.197333
    202 0.197368
    101 0.197403
    111 0.197443
    197 0.197461
    197 0.197479
    195 0.197568
    611 0.197605
    105 0.197628
    100 0.197640
    505 0.197674
    198 0.197708
    991 0.197740
     94 0.197787
     96 0.197802
    212 0.197817
     95 0.197847
    570 0.197917
     87 0.197943
    193 0.197977
    881 0.198020
    289 0.198047
    105 0.198074
   1211 0.198113
    406 0.198142
     81 0.198171
    703 0.198198
     96 0.198225
    100 0.198251
    488 0.198276
     99 0.198300
     91 0.198324
    275 0.198347
     96 0.198358
    488 0.198370
    107 0.198391
     98 0.198413
     81 0.198601
    269 0.198649
     99 0.198667
    295 0.198701
    294 0.198758
    190 0.198777
    107 0.198795
     92 0.198813
     98 0.198830
    168 0.198856
    282 0.198872
    330 0.198887
     79 0.198895
    178 0.198910
    100 0.198917
    106 0.198946
     99 0.198953
    392 0.198966
    102 0.198973
     84 0.199147
     86 0.199181
    108 0.199203
    223 0.199357
    103 0.199367
    462 0.199377
    298 0.199387
    469 0.199396
    294 0.199400
    220 0.199422
     88 0.199430
    100 0.199434
    302 0.199438
     90 0.199468
    310 0.199475
     69 0.199482
    203 0.199495
     93 0.199498
    102 0.199715
     93 0.199717
    106 0.199726
     90 0.199728
    111 0.199730
     99 0.199732
    287 0.199734
    100 0.199735
     95 0.199741
  16425 0.200000
     94 0.200258
     82 0.200264
    182 0.200271
    101 0.200546
    292 0.200553
    305 0.200565
     85 0.200569
    774 0.200573
    174 0.200581
    101 0.200586
    275 0.200599
    196 0.200608
     95 0.200627
    198 0.200637
    105 0.200837
    221 0.201005
     86 0.201031
    361 0.201072
     89 0.201080
    313 0.201087
    402 0.201133
     86 0.201141
    503 0.201149
    310 0.201166
    116 0.201220
    283 0.201238
    176 0.201258
     97 0.201351
    107 0.201399
     94 0.201429
    202 0.201439
    224 0.201474
     95 0.201493
    105 0.201550
    107 0.201613
    367 0.201635
    201 0.201657
    101 0.201669
     84 0.201693
    204 0.201705
    103 0.201729
    338 0.201754
    100 0.201807
    754 0.201835
     90 0.201859
    184 0.201863
    102 0.201872
     94 0.201910
    184 0.201923
    102 0.202008
    202 0.202020
    174 0.202050
    291 0.202100
     86 0.202128
    605 0.202247
     85 0.202312
     95 0.202346
     94 0.202365
    199 0.202381
     91 0.202417
    120 0.202429
    107 0.202454
     90 0.202462
    415 0.202492
    101 0.202532
    117 0.202572
     81 0.202632
     96 0.202703
    202 0.202740
     88 0.202765
    177 0.202817
    105 0.202824
    484 0.202857
     82 0.202880
    478 0.202899
    107 0.202941
     99 0.202985
     91 0.203008
     87 0.203030
    109 0.203060
     90 0.203081
     76 0.203085
    181 0.203103
    227 0.203125
    286 0.203147
    111 0.203320
    843 0.203390
     99 0.203414
    415 0.203438
    285 0.203488
    197 0.203540
     86 0.203576
    193 0.203593
     95 0.203608
    214 0.203632
    361 0.203647
    192 0.203652
    109 0.203679
     91 0.203704
    249 0.203753
    275 0.203762
    105 0.203779
    289 0.203804
     86 0.203830
    114 0.203837
     98 0.203883
    110 0.203911
     96 0.203931
     89 0.203966
     92 0.204000
    479 0.204023
    105 0.204052
    398 0.204082
    207 0.204134
    104 0.204142
    114 0.204188
     70 0.204196
    107 0.204204
    112 0.204261
    301 0.204301
     82 0.204334
    100 0.204403
    112 0.204420
    100 0.204517
    199 0.204545
    190 0.204578
    325 0.204611
     94 0.204638
    120 0.204663
    111 0.204678
    214 0.204703
    383 0.204724
    120 0.204787
    326 0.204819
     85 0.204871
    184 0.204893
     89 0.204969
    107 0.204993
    107 0.205021
    100 0.205092
    595 0.205128
    299 0.205198
    273 0.205279
    299 0.205357
     84 0.205426
     94 0.205479
    102 0.205497
    175 0.205514
    109 0.205521
     92 0.205556
    294 0.205607
    390 0.205634
     78 0.205696
    696 0.205714
     85 0.205797
     89 0.205837
     91 0.205841
   1922 0.205882
    106 0.205970
    186 0.206107
     91 0.206154
    195 0.206186
    212 0.206215
     83 0.206250
    271 0.206304
    279 0.206349
    104 0.206388
    196 0.206395
     99 0.206416
     95 0.206452
     99 0.206478
     94 0.206490
    104 0.206494
    385 0.206522
     86 0.206557
    101 0.206566
    376 0.206587
    191 0.206612
    110 0.206687
    312 0.206718
    196 0.206757
    109 0.206799
    917 0.206897
    177 0.206997
    101 0.207006
    294 0.207084
    588 0.207207
    176 0.207254
    201 0.207283
    100 0.207334
    106 0.207349
    111 0.207386
     98 0.207418
     99 0.207430
     94 0.207493
    395 0.207547
    294 0.207602
     95 0.207692
    100 0.207723
    113 0.207736
     94 0.207775
     82 0.207792
    194 0.207831
    189 0.207865
     85 0.207895
    658 0.207921
    102 0.208000
    189 0.208075
     90 0.208092
     99 0.208115
    110 0.208226
     94 0.208274
     94 0.208276
     85 0.208281
   3180 0.208333
     82 0.208451
     93 0.208459
    102 0.208571
    166 0.208589
    108 0.208696
     87 0.208723
    111 0.208745
     92 0.208870
    100 0.208895
     94 0.208934
     75 0.208955
    102 0.208995
     93 0.209003
    173 0.209091
     94 0.209235
    207 0.209239
    197 0.209270
    287 0.209302
     98 0.209375
    112 0.209424
    215 0.209497
    196 0.209524
    179 0.209581
    116 0.209743
    373 0.209770
     97 0.209809
    100 0.209821
    283 0.209913
    108 0.209945
    189 0.209974
     98 0.210014
    108 0.210031
     87 0.210106
    104 0.210145
    114 0.210191
    109 0.210210
    100 0.210227
    190 0.210243
    102 0.210366
     96 0.210383
     97 0.210390
   1835 0.210526
    200 0.210682
     87 0.210826
    187 0.210843
    191 0.210884
    209 0.210950
     96 0.210959
    120 0.210983
    607 0.211009
     97 0.211034
     93 0.211048
     92 0.211180
    214 0.211302
     91 0.211382
    111 0.211414
     95 0.211429
     96 0.211480
    209 0.211538
    206 0.211656
     98 0.211796
     97 0.211838
    867 0.211864
    182 0.211957
    104 0.212025
     91 0.212030
     91 0.212034
    111 0.212042
    789 0.212121
    227 0.212209
    111 0.212299
    202 0.212308
    102 0.212366
    218 0.212389
     89 0.212428
    112 0.212435
     80 0.212465
    285 0.212575
    282 0.212598
     96 0.212644
    192 0.212766
     98 0.212798
    103 0.212828
    107 0.212903
    116 0.212963
    104 0.213001
    102 0.213068
    192 0.213115
     86 0.213158
    105 0.213162
     85 0.213256
    114 0.213368
    106 0.213376
    103 0.213450
    418 0.213483
    108 0.213518
    214 0.213592
    194 0.213622
     84 0.213675
    107 0.213740
     97 0.213811
    109 0.213836
     93 0.213855
    104 0.214085
    108 0.214182
   2084 0.214286
     94 0.214377
     92 0.214470
    104 0.214477
    104 0.214493
     92 0.214502
    194 0.214674
    178 0.214689
     99 0.214724
     95 0.214794
    205 0.214876
     92 0.214900
    121 0.214925
    196 0.214953
    171 0.215116
    103 0.215152
     91 0.215156
    100 0.215172
     95 0.215259
    101 0.215318
    104 0.215385
    396 0.215517
    190 0.215569
     98 0.215633
    511 0.215686
    104 0.215712
    113 0.215774
    197 0.216000
    216 0.216129
    187 0.216216
    214 0.216301
    102 0.216438
    192 0.216495
     89 0.216590
    197 0.216667
     87 0.216718
    115 0.216867
    437 0.216981
    102 0.217009
    486 0.217125
    109 0.217143
     87 0.217262
    463 0.217391
    256 0.217514
     88 0.217687
     85 0.217742
     94 0.217791
    496 0.217822
    104 0.217914
     98 0.217931
     90 0.217949
    199 0.218023
    207 0.218069
    461 0.218182
     90 0.218232
    194 0.218329
     84 0.218354
    187 0.218563
     95 0.218579
     90 0.218593
    195 0.218659
   2260 0.218750
    101 0.218878
    346 0.219048
    105 0.219219
     97 0.219436
    295 0.219585
     99 0.219653
    109 0.219707
    205 0.219718
     95 0.219839
     91 0.219895
    312 0.219941
     96 0.220000
    454 0.220183
    583 0.220339
     98 0.220363
     84 0.220497
    184 0.220630
    105 0.220779
     93 0.220930
    312 0.220963
    542 0.221053
    103 0.221106
     93 0.221122
    383 0.221154
    114 0.221212
     98 0.221374
     95 0.221418
     87 0.221519
    118 0.221538
    193 0.221557
     94 0.221574
    102 0.221902
    105 0.221918
   2461 0.222222
     98 0.222552
     99 0.222561
     88 0.222857
     96 0.222874
    113 0.222892
    102 0.222910
    100 0.223077
    103 0.223140
    102 0.223152
    102 0.223242
    102 0.223270
    189 0.223301
    204 0.223433
     97 0.223464
     77 0.223565
    189 0.223684
     91 0.223881
    259 0.224138
    108 0.224299
    207 0.224422
     90 0.224432
    368 0.224490
    105 0.224684
    450 0.224719
    104 0.224852
    184 0.225000
    101 0.225225
    204 0.225490
    681 0.225806
     93 0.225974
    109 0.225989
    109 0.226006
    565 0.226415
     94 0.226776
    105 0.226804
    102 0.226866
    110 0.226994
   4212 0.227273
     93 0.227414
     95 0.227642
    104 0.227666
     91 0.228125
     98 0.228169
     82 0.228228
    291 0.228261
    271 0.228571
    100 0.228659
    118 0.228739
    193 0.228814
    106 0.228916
     94 0.229167
    365 0.229358
    102 0.229651
    111 0.230088
    102 0.230137
    102 0.230352
   1700 0.230769
    102 0.230986
      1 0.230994
    100 0.231405
    209 0.231481
    215 0.231579
     95 0.231608
     90 0.231746
     97 0.231975
    201 0.232143
     89 0.232323
    420 0.232759
    109 0.232955
   1414 0.233333
    105 0.233696
    197 0.234043
    100 0.234328
    192 0.234332
     98 0.234463
     99 0.234604
    204 0.234694
     88 0.234973
   1067 0.235294
    111 0.235772
    111 0.235955
    101 0.236364
     92 0.236559
     94 0.236641
    489 0.236842
    308 0.237288
     85 0.237389
    402 0.237624
     95 0.238462
    311 0.238532
    101 0.239067
     94 0.239130
    572 0.239583
     91 0.239669
    104 0.240000
     89 0.240331
    296 0.241667
    192 0.242424
    206 0.243243
    195 0.243590
    200 0.244186
    190 0.244444
     93 0.244681
    287 0.245283
    179 0.245455
    101 0.245763
      1 0.245924
     92 0.246154
    105 0.246377
     99 0.247191
    194 0.247312
    390 0.247525
    183 0.247706
    212 0.247934
  43709 0.250000
    204 0.253846
     95 0.254545
    179 0.255319
     89 0.256198
     95 0.256637
    108 0.257426
    198 0.258065
    173 0.258427
    287 0.259259
     95 0.260417
    567 0.263158
    106 0.263636
    361 0.264706
    111 0.265957
    195 0.266055
    824 0.266667
     90 0.267327
   2493 0.269231
    192 0.269663
   2161 0.272727
    110 0.273585
     89 0.273684
    100 0.275229
    102 0.276596
     99 0.277228
    875 0.277778
     97 0.279070
     82 0.280899
    693 0.281250
     93 0.284211
   1504 0.285714
    686 0.291667
    203 0.294118
   3788 0.300000
     89 0.303030
    473 0.305556
    786 0.307692
    105 0.311111
    296 0.312500
    106 0.315789
      1 0.316832
   1166 0.318182
    347 0.323529
  18632 0.333333
    183 0.346154
    108 0.350000
    378 0.357143
    387 0.363636
     94 0.366667
    114 0.368421
   2289 0.375000
     86 0.384615
    185 0.388889
   2866 0.400000
    108 0.409091
    198 0.416667
    872 0.428571
  41032 0.500000
    715 0.600000
   2334 0.666667
    467 0.750000
     99 0.833333
      1 > sequence
   4087 1.000000
