      7 0.040000
     18 0.041667
     23 0.043478
     12 0.045455
     29 0.047619
     33 0.050000
    105 0.052632
    103 0.055556
    112 0.058824
    109 0.062500
      2 0.064516
    214 0.066667
    187 0.071429
      7 0.074074
    341 0.076923
     19 0.080000
    307 0.083333
     65 0.086957
    248 0.090909
     88 0.095238
    483 0.100000
      6 0.103448
    214 0.105263
    482 0.111111
     29 0.115385
    222 0.117647
     25 0.120000
   1024 0.125000
      2 0.129032
     94 0.130435
    406 0.133333
    156 0.136364
     21 0.137931
   1058 0.142857
     51 0.148148
    263 0.150000
    509 0.153846
    377 0.157895
     39 0.160000
      7 0.161290
   2340 0.166667
     22 0.172414
    139 0.173913
    305 0.176471
     23 0.178571
    508 0.181818
     46 0.185185
    377 0.187500
    197 0.190476
     61 0.192308
      5 0.193548
   1989 0.200000
      8 0.206897
     98 0.208333
    328 0.210526
    468 0.214286
    120 0.217391
    636 0.222222
     13 0.225806
    163 0.227273
    447 0.230769
    237 0.235294
    128 0.238095
     37 0.240000
     12 0.241379
   3894 0.250000
      1 0.258065
     26 0.259259
     87 0.260870
    220 0.263158
    251 0.266667
      8 0.269231
    271 0.272727
     14 0.275862
    181 0.277778
     10 0.280000
    617 0.285714
      2 0.290323
     30 0.291667
    154 0.294118
      5 0.296296
    297 0.300000
     50 0.304348
    234 0.307692
      3 0.310345
    114 0.312500
     82 0.315789
     29 0.318182
     11 0.320000
   2404 0.333333
     18 0.347826
     28 0.350000
     63 0.352941
     84 0.357143
     67 0.363636
     31 0.368421
    226 0.375000
     10 0.380952
     77 0.384615
     11 0.388889
    536 0.400000
      6 0.411765
     36 0.416667
      5 0.421053
    102 0.428571
      4 0.437500
     40 0.444444
     11 0.454545
      9 0.461538
      3 0.466667
      2 0.470588
   4320 0.500000
      5 0.555556
      7 0.571429
     42 0.600000
      5 0.625000
    201 0.666667
     29 0.750000
      1 > sequence
    290 1.000000
