      6 0.022222
     12 0.022727
     25 0.025641
      8 0.027027
      9 0.027778
      6 0.028571
     13 0.029412
     14 0.030303
     20 0.031250
     18 0.032258
     14 0.033333
     56 0.034483
     47 0.035714
    119 0.037037
      6 0.037736
    134 0.038462
    257 0.040000
    369 0.041667
    531 0.043478
     13 0.044444
    584 0.045455
     22 0.046512
    690 0.047619
    893 0.050000
      6 0.050847
     17 0.051282
    876 0.052632
     66 0.054054
    993 0.055556
     48 0.057143
   1003 0.058824
     59 0.060606
      8 0.061224
   1171 0.062500
     21 0.063830
    172 0.064516
     29 0.065217
      7 0.065574
   1196 0.066667
      5 0.067797
     30 0.068182
    221 0.068966
     51 0.069767
      7 0.070175
   1542 0.071429
      7 0.072727
    127 0.073171
    482 0.074074
      3 0.074627
     77 0.075000
     20 0.075472
   1229 0.076923
      7 0.078125
     27 0.078431
     70 0.078947
    905 0.080000
     11 0.080645
    110 0.081081
     76 0.081633
      9 0.081967
   3270 0.083333
     84 0.085106
    202 0.085714
     27 0.086207
   1805 0.086957
     54 0.087719
    163 0.088235
    138 0.088889
     27 0.089286
   2991 0.090909
      6 0.092308
     15 0.092593
    194 0.093023
    143 0.093750
     91 0.094340
   2266 0.095238
     54 0.096154
    372 0.096774
    225 0.097561
    111 0.098039
      4 0.098361
   6205 0.100000
      9 0.101695
    120 0.102041
    236 0.102564
    527 0.103448
    240 0.104167
   2743 0.105263
      5 0.106061
    323 0.106383
    767 0.107143
     17 0.107692
    260 0.108108
    230 0.108696
     63 0.109091
     12 0.109375
   4707 0.111111
      7 0.112903
     79 0.113208
    271 0.113636
    391 0.114286
     26 0.114754
   1278 0.115385
     13 0.115942
    466 0.116279
     30 0.116667
   2876 0.117647
     49 0.118644
    320 0.119048
      6 0.119403
   2181 0.120000
     44 0.120690
    389 0.121212
    450 0.121951
    339 0.122449
    165 0.122807
  11009 0.125000
      8 0.126984
     64 0.127273
    398 0.127660
    509 0.128205
    670 0.129032
    152 0.129630
   4052 0.130435
     82 0.131148
    441 0.131579
    250 0.132075
      9 0.132353
   3060 0.133333
     29 0.134328
    316 0.134615
    457 0.135135
     88 0.135593
   3457 0.136364
    375 0.137255
    925 0.137931
     22 0.138462
    580 0.138889
    664 0.139535
    519 0.140000
    291 0.140351
     34 0.140625
  10050 0.142857
     35 0.144928
     52 0.145161
    230 0.145455
    566 0.145833
    665 0.146341
    374 0.147059
     89 0.147541
   1809 0.148148
    684 0.148936
     35 0.149254
   4424 0.150000
    385 0.150943
    390 0.151515
    723 0.152174
    117 0.152542
     32 0.152778
   4036 0.153846
    131 0.155172
    783 0.155556
    398 0.156250
    576 0.156863
     12 0.157143
   4439 0.157895
     57 0.158730
    601 0.159091
     27 0.159420
   3383 0.160000
    176 0.160714
    865 0.161290
     16 0.161765
    614 0.162162
   1064 0.162791
    681 0.163265
    155 0.163636
     97 0.163934
     43 0.164179
  23952 0.166667
     34 0.169231
    178 0.169492
    447 0.169811
    902 0.170213
    874 0.170732
    710 0.171429
     56 0.171875
   1277 0.172414
    424 0.173077
   5212 0.173913
     39 0.174603
    688 0.175000
    459 0.175439
   4723 0.176471
     76 0.177419
    978 0.177778
   1461 0.178571
     22 0.179104
    915 0.179487
    643 0.180000
     97 0.180328
     21 0.180556
   6788 0.181818
     81 0.183333
    776 0.183673
    738 0.184211
     40 0.184615
   2344 0.185185
     43 0.185714
   1026 0.186047
    130 0.186441
   4178 0.187500
     23 0.188406
    525 0.188679
    545 0.189189
    100 0.189655
   4948 0.190476
      5 0.191176
    910 0.191489
   2298 0.192308
    335 0.192982
    897 0.193548
     33 0.194030
    765 0.194444
    741 0.195122
    775 0.195652
    772 0.196078
    334 0.196429
     57 0.196721
     38 0.196970
  18069 0.200000
     41 0.202899
     77 0.203125
    157 0.203390
    472 0.203704
    700 0.204082
    707 0.204545
    694 0.205128
    558 0.205882
     48 0.206349
   1390 0.206897
    516 0.207547
   3426 0.208333
     53 0.208955
    967 0.209302
     47 0.209677
   4382 0.210526
    352 0.211538
    529 0.212121
    846 0.212766
     40 0.213115
   4931 0.214286
     64 0.215385
    587 0.215686
    626 0.216216
     72 0.216667
   4425 0.217391
    121 0.218182
    497 0.218750
    709 0.219512
    582 0.220000
    145 0.220339
     17 0.220588
   7262 0.222222
     23 0.223881
    148 0.224138
    444 0.224490
    549 0.225000
    715 0.225806
    400 0.226415
   3612 0.227273
    253 0.228070
    550 0.228571
    473 0.229167
     89 0.229508
   3543 0.230769
      4 0.231884
    182 0.232143
    800 0.232558
    645 0.233333
    567 0.234043
     71 0.234375
   3303 0.235294
     43 0.236111
    144 0.236364
    400 0.236842
     80 0.237288
   3693 0.238095
      4 0.238806
    584 0.239130
   2373 0.240000
    168 0.240741
    855 0.241379
     31 0.241935
    356 0.242424
     16 0.242857
    432 0.243243
    538 0.243902
    576 0.244444
    364 0.244898
    252 0.245283
    152 0.245614
     30 0.245902
     29 0.246154
     12 0.246377
  33451 0.250000
     13 0.253731
     38 0.254237
    100 0.254545
    279 0.254902
    339 0.255319
    385 0.255814
    368 0.256410
    377 0.257143
    450 0.258065
     32 0.258621
   1092 0.259259
    285 0.260000
   3118 0.260870
    257 0.261905
     50 0.262295
   2648 0.263158
      8 0.263889
    136 0.264151
    210 0.264706
    239 0.265306
     14 0.265625
   1948 0.266667
     61 0.267857
    246 0.268293
      7 0.268657
   1000 0.269231
    186 0.270270
    304 0.270833
     17 0.271186
   3152 0.272727
     12 0.274194
    135 0.274510
    213 0.275000
    391 0.275862
    163 0.276596
      9 0.276923
   1789 0.277778
      4 0.278689
    190 0.279070
   1231 0.280000
     86 0.280702
    153 0.281250
    130 0.282051
    137 0.282609
     35 0.283019
      5 0.283333
   4793 0.285714
     16 0.288136
     65 0.288462
    103 0.288889
    202 0.289474
    270 0.290323
     21 0.290909
   1011 0.291667
    178 0.292683
     10 0.293103
   1501 0.294118
      8 0.295082
     68 0.295455
    424 0.296296
    140 0.297297
     71 0.297872
     10 0.298246
   4107 0.300000
      9 0.301887
     97 0.302326
     95 0.303030
      5 0.303571
   1150 0.304348
     97 0.305556
     32 0.306122
   1053 0.307692
      4 0.309091
     55 0.309524
    206 0.310345
     40 0.311111
      5 0.311475
   1143 0.312500
      1 0.313725
     62 0.314286
      6 0.314815
   1055 0.315789
     47 0.317073
    738 0.318182
    388 0.320000
    177 0.321429
     82 0.322581
     31 0.323529
     13 0.324324
     41 0.325000
     35 0.325581
      1 0.326087
      2 0.326531
  11603 0.333333
      9 0.340909
     19 0.341463
     17 0.342105
     18 0.342857
      7 0.343750
     88 0.344828
    138 0.346154
      9 0.346939
    457 0.347826
    522 0.350000
     14 0.351351
    500 0.352941
     43 0.354839
    513 0.357143
     30 0.358974
    134 0.360000
     10 0.361702
    500 0.363636
     17 0.365854
     24 0.366667
    240 0.368421
     11 0.369565
     43 0.370370
      6 0.372093
   2229 0.375000
      5 0.378378
     14 0.379310
    166 0.380952
     10 0.382353
    154 0.384615
     10 0.387097
    245 0.388889
     41 0.391304
     28 0.392857
   1716 0.400000
     22 0.407407
     64 0.409091
     79 0.411765
    304 0.416667
      7 0.419355
     53 0.421053
      9 0.423077
    273 0.428571
     34 0.437500
    109 0.444444
      6 0.450000
    108 0.454545
      8 0.461538
      9 0.466667
      9 0.470588
      9 0.473684
  33662 0.500000
     12 0.529412
     10 0.545455
      3 0.555556
     19 0.571429
     52 0.600000
     52 0.666667
      1 > sequence
   3815 1.000000
