      2 0.038462
      1 0.040000
      5 0.041667
      5 0.043478
     13 0.045455
     21 0.047619
     72 0.050000
    105 0.052632
    185 0.055556
    299 0.058824
    500 0.062500
    781 0.066667
   1393 0.071429
   1623 0.076923
   2462 0.083333
     34 0.086957
   3498 0.090909
    103 0.095238
   4585 0.100000
    363 0.105263
   5826 0.111111
     10 0.115385
    845 0.117647
     13 0.120000
  10882 0.125000
     65 0.130435
   1914 0.133333
     87 0.136364
  12939 0.142857
    271 0.150000
   2861 0.153846
    518 0.157895
     11 0.160000
  22878 0.166667
     70 0.173913
   1049 0.176471
   4737 0.181818
   1394 0.187500
    215 0.190476
     41 0.192308
  22498 0.200000
     24 0.208333
    497 0.210526
   2374 0.214286
     80 0.217391
   6575 0.222222
     92 0.227273
   2580 0.230769
    777 0.235294
    128 0.238095
     11 0.240000
  38172 0.250000
     35 0.260870
    306 0.263158
   1332 0.266667
     14 0.269231
   3260 0.272727
    317 0.277778
      2 0.280000
   9205 0.285714
     13 0.291667
    434 0.294118
   3272 0.300000
     25 0.304348
   1328 0.307692
    481 0.312500
    138 0.315789
     25 0.318182
  23323 0.333333
      1 0.346154
      2 0.347826
     40 0.350000
    153 0.352941
    532 0.357143
      1 0.360000
   1111 0.363636
     25 0.368421
   3437 0.375000
      1 0.380952
    348 0.384615
     17 0.388889
      1 0.391304
   7114 0.400000
     31 0.411765
    319 0.416667
      2 0.421053
   2245 0.428571
     21 0.437500
    532 0.444444
    188 0.454545
     47 0.461538
     15 0.466667
      4 0.470588
  39443 0.500000
      3 0.538462
      7 0.545455
     26 0.555556
    161 0.571429
      1 0.583333
    685 0.600000
     10 0.625000
      6 0.636364
   1255 0.666667
    203 0.750000
     12 0.800000
      1 > sequence
   1980 1.000000
