     42 0.011364
     12 0.015625
     11 0.016129
     41 0.016393
     13 0.016949
     25 0.017241
     14 0.018182
     82 0.018519
     25 0.018868
     74 0.019231
     67 0.019608
     85 0.020000
    116 0.020408
    123 0.020833
    143 0.021277
    142 0.021739
    318 0.022222
    292 0.022727
    386 0.023256
    300 0.023810
    459 0.024390
    613 0.025000
    566 0.025641
    852 0.026316
    819 0.027027
     19 0.027397
   1221 0.027778
   1427 0.028571
   1225 0.029412
   1813 0.030303
   2192 0.031250
     88 0.031746
   2794 0.032258
     90 0.032787
   3585 0.033333
     67 0.033898
     21 0.034091
   4324 0.034483
    234 0.035088
   5278 0.035714
    226 0.036364
   6247 0.037037
    335 0.037736
   8071 0.038462
     80 0.038961
    502 0.039216
  10439 0.040000
    122 0.040541
    445 0.040816
    118 0.041096
  14605 0.041667
     29 0.042254
    699 0.042553
     14 0.042857
  18667 0.043478
     26 0.044118
   1050 0.044444
    148 0.044776
  25899 0.045455
    132 0.046154
   1201 0.046512
    175 0.046875
     20 0.047059
  34329 0.047619
    186 0.048387
   1921 0.048780
    192 0.049180
  47469 0.050000
     94 0.050633
    357 0.050847
   2209 0.051282
    366 0.051724
  59057 0.052632
     22 0.053333
    785 0.053571
   3581 0.054054
    605 0.054545
     31 0.054795
  78966 0.055556
    128 0.056338
   1153 0.056604
   5240 0.057143
    982 0.057692
    151 0.057971
  92984 0.058824
    295 0.059701
   1355 0.060000
   7175 0.060606
   1819 0.061224
    400 0.061538
     16 0.061728
 125189 0.062500
     33 0.063291
    593 0.063492
   2224 0.063830
    130 0.064103
     29 0.064220
   9842 0.064516
    116 0.064935
   2364 0.065217
   1009 0.065574
    145 0.065789
     70 0.065934
 136723 0.066667
     80 0.067114
    115 0.067568
   1168 0.067797
     73 0.067961
   3730 0.068182
    263 0.068493
     25 0.068627
  13209 0.068966
    324 0.069444
   3691 0.069767
   1224 0.070175
    173 0.070423
     50 0.070588
 183996 0.071429
    315 0.072464
   1891 0.072727
   5898 0.073171
    289 0.073529
     33 0.073684
  21105 0.074074
     38 0.074380
     22 0.074468
    712 0.074627
     17 0.074766
   6432 0.075000
   2717 0.075472
     59 0.075630
    776 0.075758
    201 0.075949
     30 0.076087
     40 0.076190
     36 0.076271
     23 0.076336
 192606 0.076923
     24 0.077778
    254 0.077922
   1554 0.078125
     32 0.078261
   2794 0.078431
     74 0.078652
   7606 0.078947
   1330 0.079365
     25 0.079545
  31965 0.080000
     37 0.080292
     84 0.080460
   1292 0.080645
   8870 0.081081
    131 0.081395
     50 0.081481
   4393 0.081633
     33 0.081818
   1721 0.081967
    364 0.082192
    158 0.082353
     77 0.082474
     36 0.082569
     41 0.082645
 270214 0.083333
     86 0.084034
     46 0.084211
    213 0.084337
    508 0.084507
   2501 0.084746
     39 0.084906
   5371 0.085106
     45 0.085271
    141 0.085366
  12950 0.085714
     24 0.086022
   2901 0.086207
    234 0.086420
     65 0.086538
     28 0.086614
  53573 0.086957
    271 0.087500
   2860 0.087719
     74 0.087912
  13933 0.088235
     39 0.088435
    463 0.088608
   7655 0.088889
   3395 0.089286
   1593 0.089552
    330 0.089744
     94 0.089888
    144 0.090000
    164 0.090090
 268795 0.090909
     23 0.091603
     30 0.091837
    177 0.091954
    591 0.092105
   1862 0.092308
     42 0.092437
   4584 0.092593
    157 0.092784
   8767 0.093023
     24 0.093220
    727 0.093333
     28 0.093458
     23 0.093525
  20382 0.093750
     37 0.094017
    345 0.094118
     18 0.094203
   4959 0.094340
     34 0.094488
    851 0.094595
     46 0.094675
    173 0.094737
  91564 0.095238
    131 0.095652
    119 0.095745
    964 0.095890
   5220 0.096154
    314 0.096386
  22927 0.096774
    176 0.097087
   1086 0.097222
     48 0.097297
  10967 0.097561
     22 0.097744
    185 0.097826
   6816 0.098039
     85 0.098160
   3636 0.098361
     49 0.098485
   1452 0.098592
    493 0.098765
     53 0.098837
    388 0.098901
     51 0.099010
     67 0.099099
     45 0.099174
     45 0.099338
 431180 0.100000
    145 0.100671
     74 0.100840
     80 0.100917
    171 0.101010
    144 0.101124
    796 0.101266
   2018 0.101449
     38 0.101562
   4819 0.101695
    126 0.101852
   8368 0.102041
     22 0.102190
    290 0.102273
     15 0.102362
  14869 0.102564
    160 0.102804
   2052 0.102941
    229 0.103093
     47 0.103175
  32155 0.103448
     44 0.103659
     90 0.103704
    132 0.103774
    778 0.103896
     56 0.104000
   8487 0.104167
     28 0.104348
   2753 0.104478
    337 0.104651
    159 0.104762
     60 0.104839
 141210 0.105263
     60 0.105691
    162 0.105769
    250 0.105882
   3210 0.106061
    113 0.106195
  10466 0.106383
    100 0.106509
    140 0.106557
   1349 0.106667
     46 0.106796
    170 0.106870
     66 0.106918
  38559 0.107143
     24 0.107383
    154 0.107438
    291 0.107527
   3202 0.107692
    155 0.107843
  18008 0.108108
     64 0.108280
     28 0.108333
    562 0.108434
     15 0.108527
  11658 0.108696
    148 0.108911
   7170 0.109091
   4268 0.109375
     26 0.109489
   1620 0.109589
    431 0.109756
    104 0.109827
    186 0.109890
    150 0.110000
    165 0.110092
    128 0.110169
     53 0.110236
     27 0.110294
     26 0.110390
     81 0.110465
     65 0.110553
 432607 0.111111
     28 0.112000
    267 0.112069
    122 0.112150
    236 0.112245
    239 0.112360
    983 0.112500
   2418 0.112676
     47 0.112782
     58 0.112821
   5268 0.112903
    179 0.112994
     57 0.113043
   8766 0.113208
    230 0.113402
     49 0.113475
     45 0.113514
  13405 0.113636
     22 0.113821
   1098 0.113924
     85 0.114035
    131 0.114094
  24780 0.114286
     21 0.114504
    136 0.114583
     83 0.114650
   5897 0.114754
    528 0.114943
     51 0.115000
     52 0.115044
     80 0.115108
     47 0.115152
  54433 0.115385
     79 0.115646
    120 0.115702
    306 0.115789
     61 0.115854
   3900 0.115942
    158 0.116071
     32 0.116129
  15197 0.116279
     20 0.116438
    198 0.116505
     83 0.116564
   6035 0.116667
     16 0.116788
   1509 0.116883
    427 0.117021
    116 0.117117
 207676 0.117647
     82 0.117949
     67 0.118110
    152 0.118182
    362 0.118280
   1678 0.118421
    205 0.118519
   7568 0.118644
    171 0.118812
  16938 0.119048
     78 0.119205
    181 0.119266
     69 0.119318
   3582 0.119403
    331 0.119565
    202 0.119658
     40 0.119718
  66911 0.120000
    194 0.120301
     90 0.120370
    902 0.120482
     51 0.120567
   8571 0.120690
    129 0.120805
    465 0.120879
     29 0.120968
    122 0.121019
  31951 0.121212
     71 0.121387
     75 0.121429
    191 0.121495
   2590 0.121622
    252 0.121739
     66 0.121795
  19034 0.121951
     21 0.122137
    622 0.122222
     26 0.122302
  13671 0.122449
     30 0.122581
    164 0.122642
   8533 0.122807
    121 0.122951
   5617 0.123077
     63 0.123188
   2739 0.123288
     53 0.123377
   1327 0.123457
    581 0.123596
    293 0.123711
    227 0.123810
     49 0.123894
    121 0.123967
     71 0.124031
     17 0.124088
     75 0.124224
     58 0.124444
 766314 0.125000
    120 0.125604
     94 0.125786
     41 0.125828
     90 0.125874
    203 0.125926
     39 0.125984
    127 0.126050
    217 0.126126
    224 0.126214
    555 0.126316
    653 0.126437
   1852 0.126582
   3323 0.126761
    116 0.126866
   6233 0.126984
    128 0.127119
     49 0.127168
  10272 0.127273
     53 0.127358
     30 0.127389
    523 0.127451
  16669 0.127660
     66 0.127820
    740 0.127907
     26 0.128000
  24286 0.128205
    120 0.128378
    363 0.128440
   4280 0.128571
    260 0.128713
     58 0.128788
     52 0.128834
  39797 0.129032
     79 0.129252
    240 0.129310
    660 0.129412
    113 0.129496
  12919 0.129630
     54 0.129730
     76 0.129771
   1873 0.129870
    459 0.130000
     22 0.130081
     31 0.130137
     41 0.130178
  99206 0.130435
     38 0.130682
     28 0.130719
     27 0.130769
    584 0.130841
     87 0.130890
    797 0.130952
   9051 0.131148
    393 0.131313
    112 0.131387
     53 0.131429
  24189 0.131579
    139 0.131783
    755 0.131868
     30 0.131944
  14341 0.132075
    374 0.132231
   5023 0.132353
     34 0.132450
   1449 0.132530
    437 0.132653
     65 0.132743
    316 0.132812
     35 0.132867
     80 0.132948
 275164 0.133333
    160 0.133758
    152 0.133858
    109 0.133929
    397 0.134021
   1306 0.134146
     49 0.134228
   6784 0.134328
    252 0.134454
     53 0.134503
  14707 0.134615
     58 0.134694
    747 0.134831
     67 0.134921
  29044 0.135135
     37 0.135338
    461 0.135417
    110 0.135484
  11597 0.135593
     65 0.135678
     54 0.135714
     41 0.135747
   1802 0.135802
    396 0.135922
    190 0.136000
     39 0.136126
 127506 0.136364
     27 0.136646
     66 0.136691
    447 0.136752
     67 0.136792
    968 0.136842
   3792 0.136986
    155 0.137097
  15900 0.137255
     58 0.137363
    211 0.137405
   2004 0.137500
    203 0.137615
     49 0.137778
  53436 0.137931
     42 0.138122
    158 0.138158
    196 0.138211
    807 0.138298
   8016 0.138462
     38 0.138528
     93 0.138554
    350 0.138614
     93 0.138686
     34 0.138728
  33830 0.138889
     46 0.139073
    368 0.139130
   2375 0.139241
    266 0.139344
     29 0.139394
  22311 0.139535
    144 0.139706
    433 0.139785
     82 0.139860
  17516 0.140000
     98 0.140127
    370 0.140187
  12967 0.140351
    310 0.140496
   8493 0.140625
     87 0.140704
     77 0.140741
   4123 0.140845
    187 0.140940
   1857 0.141026
     81 0.141104
   1292 0.141176
    960 0.141304
    467 0.141414
    298 0.141509
     78 0.141593
    130 0.141667
     74 0.141732
    102 0.141791
    128 0.141844
     97 0.141892
     91 0.142012
     69 0.142045
     81 0.142222
 741152 0.142857
     44 0.143646
     96 0.143791
    111 0.143836
     57 0.143885
    123 0.143939
    305 0.144000
    296 0.144068
    375 0.144144
    752 0.144231
    613 0.144330
   1325 0.144444
     43 0.144509
   1682 0.144578
    206 0.144654
   3150 0.144737
     42 0.144796
     66 0.144828
   6609 0.144928
    102 0.145000
    169 0.145038
  10646 0.145161
    279 0.145299
     47 0.145349
  13294 0.145455
     94 0.145570
    437 0.145631
     73 0.145695
     54 0.145729
  18546 0.145833
    172 0.145946
   1096 0.146067
    104 0.146154
  26264 0.146341
     55 0.146497
    311 0.146552
   3595 0.146667
    518 0.146789
     48 0.146853
     49 0.146939
  40030 0.147059
     50 0.147239
     75 0.147287
   1033 0.147368
    106 0.147436
  12693 0.147541
     95 0.147651
   1146 0.147727
    295 0.147826
     26 0.147887
    103 0.147929
  69688 0.148148
    127 0.148387
    252 0.148438
    507 0.148515
   4860 0.148649
     87 0.148718
    629 0.148760
     30 0.148810
  21625 0.148936
     49 0.149068
    241 0.149123
     34 0.149171
   7756 0.149254
     59 0.149321
    239 0.149351
   1228 0.149425
    393 0.149533
    122 0.149606
     88 0.149660
 188690 0.150000
    156 0.150289
     66 0.150327
     94 0.150376
    344 0.150442
   1139 0.150538
    260 0.150602
   4820 0.150685
     84 0.150754
    419 0.150794
  18374 0.150943
     71 0.151020
    219 0.151079
   1508 0.151163
    244 0.151261
    200 0.151316
    166 0.151351
  44996 0.151515
     41 0.151724
    184 0.151786
   2486 0.151899
    246 0.152000
     98 0.152047
  21870 0.152174
     57 0.152318
    419 0.152381
  15416 0.152542
    269 0.152672
   5569 0.152778
    183 0.152866
   1823 0.152941
    613 0.153061
    475 0.153153
    342 0.153226
    122 0.153285
    154 0.153374
     74 0.153409
 343875 0.153846
     84 0.154321
    166 0.154362
    125 0.154412
    177 0.154472
    459 0.154545
     43 0.154589
    675 0.154639
     83 0.154696
   1586 0.154762
    186 0.154839
   5667 0.154930
     40 0.155000
    359 0.155039
     53 0.155102
  14099 0.155172
     70 0.155280
    546 0.155340
    210 0.155405
  25520 0.155556
    254 0.155738
     45 0.155779
   3349 0.155844
     65 0.155914
    727 0.155963
    357 0.156028
     66 0.156069
  49268 0.156250
     61 0.156463
    739 0.156522
   2055 0.156627
    261 0.156716
    170 0.156757
  20052 0.156863
     76 0.156977
    369 0.157025
   6991 0.157143
     58 0.157233
   1084 0.157303
    427 0.157407
    155 0.157480
    145 0.157534
     73 0.157576
 204580 0.157895
    103 0.158140
    126 0.158228
    508 0.158273
    251 0.158333
     88 0.158371
    467 0.158416
   2682 0.158537
     41 0.158621
     46 0.158654
  10329 0.158730
     81 0.158824
    766 0.158879
     18 0.158940
  27031 0.159091
     64 0.159184
    184 0.159236
    207 0.159292
     27 0.159341
   8108 0.159420
     74 0.159509
   1378 0.159574
    236 0.159664
     79 0.159722
     15 0.159763
  90262 0.160000
     91 0.160173
    138 0.160221
    157 0.160256
    188 0.160305
    513 0.160377
   2723 0.160494
    136 0.160584
  17452 0.160714
     42 0.160804
     70 0.160839
   1483 0.160920
    515 0.161017
     87 0.161074
  53800 0.161290
     76 0.161491
    348 0.161538
    612 0.161616
   8875 0.161765
     58 0.161850
    651 0.161905
  37188 0.162162
     18 0.162281
     50 0.162304
    223 0.162338
    358 0.162393
   2949 0.162500
    224 0.162602
    176 0.162651
  27427 0.162791
    219 0.162963
   1233 0.163043
     59 0.163121
  22918 0.163265
     67 0.163399
    927 0.163462
     86 0.163522
     54 0.163551
  15947 0.163636
     35 0.163743
    412 0.163793
     42 0.163842
  14239 0.163934
    288 0.164062
     58 0.164103
  10175 0.164179
     65 0.164286
   5635 0.164384
    212 0.164474
   3285 0.164557
     19 0.164634
   1667 0.164706
    112 0.164773
   1265 0.164835
    851 0.164948
    212 0.165000
    515 0.165049
    756 0.165138
    459 0.165217
    394 0.165289
    132 0.165354
    223 0.165414
    342 0.165468
    172 0.165517
     51 0.165563
    170 0.165605
    116 0.165644
     90 0.165680
    130 0.165746
1382022 0.166667
     46 0.167347
     51 0.167442
     42 0.167568
     69 0.167630
    181 0.167742
     39 0.167785
    101 0.167832
     99 0.167883
    236 0.167939
    348 0.168000
    375 0.168067
    279 0.168142
    595 0.168224
     93 0.168269
    350 0.168317
   1192 0.168421
   1349 0.168539
   2008 0.168675
    133 0.168750
   3816 0.168831
    222 0.168919
   6379 0.169014
     87 0.169082
     39 0.169118
  10661 0.169231
    538 0.169355
  16699 0.169492
     41 0.169591
    231 0.169643
     67 0.169697
  20243 0.169811
    239 0.169935
    811 0.170000
     99 0.170068
  24164 0.170213
    159 0.170370
   1311 0.170455
    276 0.170543
     47 0.170588
  30118 0.170732
    120 0.170833
    138 0.170854
     68 0.170886
    316 0.170940
   4546 0.171053
    383 0.171171
     70 0.171233
     72 0.171271
  43762 0.171429
    119 0.171598
    111 0.171642
    885 0.171717
     58 0.171779
  12124 0.171875
     49 0.171946
    321 0.171975
   1328 0.172043
     46 0.172093
    355 0.172131
    139 0.172185
     25 0.172222
  62193 0.172414
     46 0.172619
    489 0.172662
    584 0.172727
   2700 0.172840
    132 0.172932
  18256 0.173077
     32 0.173160
    122 0.173228
   4602 0.173333
     84 0.173410
    635 0.173469
    246 0.173554
    229 0.173611
 124414 0.173913
    227 0.174194
    270 0.174242
    647 0.174312
     50 0.174359
   1756 0.174419
    163 0.174497
  11233 0.174603
    175 0.174699
    758 0.174757
     30 0.174825
  33960 0.175000
     54 0.175141
     18 0.175182
    692 0.175258
    104 0.175325
  16644 0.175439
     78 0.175510
    193 0.175573
   5178 0.175676
     62 0.175758
   1117 0.175824
     50 0.175879
    718 0.175926
    207 0.176000
     63 0.176056
    106 0.176101
    168 0.176136
 255804 0.176471
     37 0.176744
    213 0.176796
     52 0.176829
     84 0.176871
    282 0.176923
    211 0.176991
    937 0.177083
     28 0.177143
   3216 0.177215
     89 0.177305
  13691 0.177419
    119 0.177489
    179 0.177515
    902 0.177570
    226 0.177632
  26782 0.177778
     55 0.177885
     87 0.177914
    515 0.177966
     81 0.178010
   5752 0.178082
    446 0.178218
    306 0.178295
     81 0.178344
  70206 0.178571
     55 0.178744
     92 0.178808
    360 0.178862
   1260 0.178947
    128 0.179012
   9828 0.179104
     59 0.179167
    161 0.179191
    617 0.179245
  34830 0.179487
    446 0.179688
   1450 0.179775
    209 0.179856
  22592 0.180000
    423 0.180180
    146 0.180233
  14150 0.180328
    162 0.180451
   6642 0.180556
    127 0.180645
   2346 0.180723
   1059 0.180851
    111 0.180905
    787 0.180952
    388 0.181034
    133 0.181102
    117 0.181159
    173 0.181208
     32 0.181250
 411271 0.181818
    106 0.182292
    125 0.182320
    126 0.182353
    115 0.182390
    227 0.182432
    150 0.182482
    354 0.182540
    547 0.182609
   1048 0.182692
    887 0.182796
     80 0.182857
   2211 0.182927
    165 0.183007
   5566 0.183099
    189 0.183206
     22 0.183246
  14121 0.183333
     93 0.183432
    609 0.183486
    249 0.183544
  23420 0.183673
     73 0.183784
    148 0.183824
   1598 0.183908
    278 0.184000
     32 0.184049
  33285 0.184211
    209 0.184397
    430 0.184466
  11427 0.184615
    199 0.184713
   1305 0.184783
    501 0.184874
    107 0.184932
    133 0.184971
     75 0.185000
  74581 0.185185
     19 0.185430
    566 0.185484
     47 0.185520
    696 0.185567
   6966 0.185714
    254 0.185841
    110 0.185897
     57 0.185930
  26848 0.186047
    146 0.186147
     28 0.186207
    823 0.186275
     85 0.186335
  15639 0.186441
    207 0.186567
   5257 0.186667
    252 0.186747
   1550 0.186813
    808 0.186916
    458 0.186992
    224 0.187050
     90 0.187097
 293731 0.187500
     34 0.187755
    149 0.187845
     63 0.187879
    115 0.187919
    170 0.187970
    474 0.188034
    529 0.188119
     39 0.188172
   2035 0.188235
    106 0.188312
   9029 0.188406
     62 0.188482
    464 0.188525
  20509 0.188679
    104 0.188811
   1476 0.188889
    159 0.188976
  37178 0.189189
     33 0.189349
     84 0.189394
   1186 0.189474
    216 0.189542
  15938 0.189655
     32 0.189744
    199 0.189781
   3277 0.189873
    898 0.190000
     59 0.190045
    451 0.190083
    130 0.190184
 158360 0.190476
     31 0.190751
    187 0.190789
    148 0.190840
    520 0.190909
   1286 0.191011
    208 0.191083
     51 0.191111
   8517 0.191176
    528 0.191304
    125 0.191358
  24870 0.191489
    240 0.191667
   5665 0.191781
     49 0.191837
     42 0.191860
    798 0.191919
    129 0.192000
     57 0.192053
    150 0.192090
  80185 0.192308
     71 0.192547
    327 0.192593
    862 0.192661
    118 0.192708
   1998 0.192771
     92 0.192857
  15295 0.192982
     94 0.193103
   1476 0.193182
     40 0.193237
    437 0.193277
     93 0.193370
  51505 0.193548
     68 0.193717
    124 0.193750
    326 0.193798
    705 0.193878
     93 0.193939
   9965 0.194030
     96 0.194118
    557 0.194175
    264 0.194245
     89 0.194286
  39186 0.194444
      9 0.194595
    200 0.194631
    410 0.194690
   4121 0.194805
    636 0.194915
     65 0.194969
     36 0.195000
  28795 0.195122
     32 0.195266
    409 0.195312
     91 0.195349
   1377 0.195402
    254 0.195489
     37 0.195556
  24587 0.195652
    153 0.195804
    702 0.195876
     42 0.195918
     51 0.195946
     86 0.195980
  20674 0.196078
    176 0.196203
    707 0.196262
     36 0.196319
  16983 0.196429
     78 0.196532
    424 0.196581
  13832 0.196721
    378 0.196850
   9797 0.196970
    198 0.197080
     42 0.197115
   5759 0.197183
    133 0.197279
   3881 0.197368
     97 0.197452
   2742 0.197531
   1162 0.197674
     59 0.197740
   1053 0.197802
    730 0.197917
    650 0.198020
     46 0.198068
    604 0.198113
    489 0.198198
    396 0.198276
    199 0.198347
    289 0.198413
    297 0.198473
    122 0.198529
    110 0.198582
     65 0.198630
     46 0.198675
    212 0.198718
     65 0.198758
     57 0.198795
     86 0.198864
    116 0.198895
     30 0.198953
     81 0.199134
1160344 0.200000
     50 0.200935
    180 0.201005
    127 0.201183
     80 0.201220
     87 0.201258
    276 0.201299
     52 0.201342
    168 0.201389
    207 0.201439
    119 0.201493
    191 0.201550
    548 0.201613
    185 0.201681
    469 0.201754
    601 0.201835
    691 0.201923
    780 0.202020
   1444 0.202128
    812 0.202247
     75 0.202312
   1389 0.202381
     69 0.202454
   2837 0.202532
    100 0.202614
   5630 0.202703
    163 0.202797
     45 0.202830
   7979 0.202899
    250 0.203008
  10801 0.203125
    347 0.203252
  14314 0.203390
    178 0.203463
     31 0.203488
    222 0.203540
     59 0.203620
  15470 0.203704
    127 0.203822
    493 0.203883
    265 0.203947
  20958 0.204082
     55 0.204167
     74 0.204188
    113 0.204225
   1040 0.204301
    106 0.204380
     56 0.204420
     53 0.204444
  24848 0.204545
     20 0.204651
     70 0.204678
    138 0.204724
   1852 0.204819
    389 0.204918
    101 0.204969
  29844 0.205128
     71 0.205298
    182 0.205357
      2 0.205405
   5148 0.205479
    676 0.205607
    136 0.205674
     61 0.205714
  40091 0.205882
    141 0.206030
     84 0.206061
    111 0.206107
    476 0.206186
     26 0.206250
   9749 0.206349
     69 0.206452
   1261 0.206522
    329 0.206612
  55972 0.206897
    103 0.207101
     22 0.207143
    359 0.207207
   1604 0.207317
    147 0.207407
  17263 0.207547
    202 0.207692
     31 0.207729
   3333 0.207792
    261 0.207921
    383 0.208000
    209 0.208054
    174 0.208092
  93940 0.208333
     55 0.208589
     95 0.208633
    635 0.208696
    991 0.208791
     82 0.208861
   8004 0.208955
     38 0.209040
    466 0.209091
     50 0.209150
  22543 0.209302
    117 0.209459
    579 0.209524
  10402 0.209677
    150 0.209790
   2474 0.209877
    127 0.209945
    648 0.210000
    312 0.210084
    152 0.210145
    111 0.210191
    219 0.210227
     36 0.210280
 181354 0.210526
    193 0.210843
     53 0.210884
    273 0.210938
    428 0.211009
     70 0.211055
    870 0.211111
     42 0.211180
   4175 0.211268
    326 0.211382
     45 0.211429
  15684 0.211538
    135 0.211679
   1364 0.211765
    525 0.211864
    107 0.211921
  40283 0.212121
     51 0.212329
    190 0.212389
   2350 0.212500
    165 0.212598
  19433 0.212766
     52 0.212903
    569 0.212963
    109 0.213018
  11065 0.213115
    107 0.213235
   3899 0.213333
     27 0.213415
    773 0.213483
    538 0.213592
    321 0.213675
    192 0.213740
     19 0.213793
     67 0.213836
     63 0.213873
 309198 0.214286
     14 0.214689
     82 0.214724
    293 0.214765
    150 0.214815
    314 0.214876
     77 0.214912
    567 0.214953
     95 0.215000
    704 0.215054
     34 0.215116
   2585 0.215190
     94 0.215278
   8051 0.215385
    177 0.215470
    264 0.215517
  16852 0.215686
    118 0.215827
   1008 0.215909
    142 0.216000
     23 0.216049
     35 0.216080
  31208 0.216216
     45 0.216327
     25 0.216346
     54 0.216374
    154 0.216418
    420 0.216495
    239 0.216561
  10325 0.216667
     99 0.216783
   1388 0.216867
    417 0.216981
    182 0.217054
     49 0.217105
     31 0.217143
 100900 0.217391
     51 0.217647
    284 0.217742
    299 0.217822
   2525 0.217949
    102 0.218045
  11956 0.218182
     67 0.218310
    856 0.218391
    148 0.218487
     48 0.218543
     26 0.218605
  40323 0.218750
     63 0.218935
     63 0.218978
    214 0.219048
   4142 0.219178
    187 0.219298
    171 0.219355
  23122 0.219512
     36 0.219626
     93 0.219697
    934 0.219780
     35 0.219858
  16311 0.220000
    480 0.220183
  11569 0.220339
     50 0.220408
     65 0.220430
    260 0.220472
   5542 0.220588
     88 0.220690
   2883 0.220779
     34 0.220833
     28 0.220859
   1056 0.220930
    779 0.221053
     24 0.221106
    514 0.221154
     82 0.221239
    202 0.221311
     94 0.221374
    108 0.221429
     94 0.221477
     27 0.221519
     49 0.221591
    109 0.221622
      9 0.221698
 447724 0.222222
     75 0.222857
     70 0.222892
    121 0.222930
    203 0.222973
    340 0.223022
    198 0.223077
    371 0.223140
    301 0.223214
    315 0.223301
   1050 0.223404
   1055 0.223529
   2810 0.223684
     88 0.223776
   5838 0.223881
     36 0.223958
    190 0.224000
  10565 0.224138
     20 0.224242
    430 0.224299
     83 0.224359
  16442 0.224490
     78 0.224638
    682 0.224719
    123 0.224806
     15 0.224852
  23551 0.225000
     89 0.225108
     21 0.225131
    453 0.225225
     19 0.225275
   4044 0.225352
     20 0.225434
    594 0.225490
     70 0.225564
     35 0.225610
  38666 0.225806
     26 0.225989
     63 0.226027
    207 0.226087
     23 0.226131
    968 0.226190
     39 0.226277
  13018 0.226415
     34 0.226519
     87 0.226562
   2831 0.226667
     20 0.226744
    314 0.226804
    177 0.226891
     81 0.226950
     80 0.226994
     26 0.227027
     58 0.227053
 105682 0.227273
     12 0.227586
    205 0.227642
    315 0.227723
   1827 0.227848
     61 0.227907
     22 0.227941
  10094 0.228070
     46 0.228188
   1048 0.228261
     92 0.228346
     18 0.228395
  29240 0.228571
     63 0.228758
    342 0.228814
   1218 0.228916
     94 0.229008
  14555 0.229167
    120 0.229299
    421 0.229358
     26 0.229412
   8639 0.229508
     78 0.229630
   3242 0.229730
    821 0.229885
    512 0.230000
     76 0.230088
    158 0.230159
    108 0.230216
    121 0.230263
     25 0.230303
     33 0.230366
 265497 0.230769
     68 0.231111
     37 0.231156
    121 0.231214
     29 0.231250
     89 0.231293
     53 0.231343
    260 0.231405
    147 0.231481
    868 0.231579
     81 0.231638
   1174 0.231707
     15 0.231788
   5209 0.231884
    108 0.232000
  10360 0.232143
     34 0.232258
    323 0.232323
     18 0.232394
      3 0.232432
  16431 0.232558
     37 0.232653
     53 0.232704
    201 0.232759
   3070 0.232877
    297 0.233010
     60 0.233083
     70 0.233129
  39087 0.233333
     41 0.233577
    154 0.233645
   1581 0.233766
    123 0.233871
  13866 0.234043
    104 0.234177
    253 0.234234
     17 0.234286
   6189 0.234375
   1122 0.234568
    452 0.234694
    279 0.234783
     77 0.234848
     82 0.234899
     99 0.234940
 180693 0.235294
     55 0.235669
     95 0.235714
    172 0.235772
    280 0.235849
     38 0.235897
    424 0.235955
     18 0.236025
   2821 0.236111
     32 0.236181
     75 0.236220
   8787 0.236364
    111 0.236486
    496 0.236559
     66 0.236641
     62 0.236686
  19089 0.236842
     14 0.236994
     53 0.237037
    337 0.237113
     25 0.237179
     34 0.237209
   7553 0.237288
     92 0.237410
   1108 0.237500
    198 0.237624
    170 0.237705
     49 0.237762
     33 0.237805
 108239 0.238095
     70 0.238411
     25 0.238462
    341 0.238532
    404 0.238636
     41 0.238710
   3991 0.238806
     53 0.238938
     22 0.238994
  12312 0.239130
     26 0.239264
    134 0.239316
   2483 0.239437
    250 0.239583
    134 0.239669
     57 0.239726
  56976 0.240000
     58 0.240260
     67 0.240310
    215 0.240385
   1423 0.240506
     45 0.240602
   8400 0.240741
     99 0.240876
   1166 0.240964
     59 0.241071
     14 0.241135
  37964 0.241379
     63 0.241611
     24 0.241667
    507 0.241758
     25 0.241830
   5813 0.241935
     53 0.242038
    429 0.242105
     70 0.242188
  26326 0.242424
     30 0.242604
     49 0.242647
    191 0.242718
     11 0.242775
   3176 0.242857
    155 0.242991
     30 0.243094
  20462 0.243243
     22 0.243421
     96 0.243478
   1267 0.243590
     54 0.243697
  15338 0.243902
    106 0.244094
    666 0.244186
     81 0.244275
  13057 0.244444
     88 0.244604
    521 0.244681
  10927 0.244898
     18 0.245033
    246 0.245098
     21 0.245161
   8951 0.245283
     53 0.245399
    188 0.245455
   6711 0.245614
    117 0.245763
   5592 0.245902
     58 0.246032
   4028 0.246154
     91 0.246269
   2842 0.246377
     34 0.246479
   1916 0.246575
   1302 0.246753
     67 0.246835
    845 0.246914
     36 0.246988
    450 0.247059
    305 0.247191
     34 0.247253
    292 0.247312
    231 0.247423
    162 0.247525
    183 0.247619
    237 0.247706
     58 0.247788
     62 0.247863
    243 0.247934
    162 0.248000
    107 0.248062
     27 0.248120
     29 0.248175
     38 0.248227
     28 0.248276
     53 0.248322
     30 0.248408
     14 0.248447
      5 0.248869
2079346 0.250000
     34 0.251082
     26 0.251282
     13 0.251656
     32 0.251799
     77 0.251852
    124 0.251908
     15 0.251969
     14 0.252033
     18 0.252101
     93 0.252174
    104 0.252252
    144 0.252336
     84 0.252427
    228 0.252525
    292 0.252632
    301 0.252747
    468 0.252874
    542 0.253012
     38 0.253061
     16 0.253086
    965 0.253165
     95 0.253247
   1432 0.253333
     16 0.253425
   1486 0.253521
     39 0.253623
   2697 0.253731
     20 0.253846
   4028 0.253968
     26 0.254098
   5512 0.254237
     55 0.254386
   5189 0.254545
     56 0.254717
     19 0.254777
   7036 0.254902
     10 0.255034
    183 0.255102
   9228 0.255319
    269 0.255556
     12 0.255639
  10656 0.255814
     40 0.255952
     20 0.256000
    443 0.256098
    109 0.256198
  13302 0.256410
     68 0.256637
   1548 0.256757
     91 0.256881
     14 0.256944
  18628 0.257143
     19 0.257310
     29 0.257353
     44 0.257426
   2265 0.257576
    123 0.257732
     36 0.257812
      2 0.257919
  22544 0.258065
    341 0.258427
     45 0.258503
   4804 0.258621
    376 0.258824
     91 0.258929
     11 0.258993
  33275 0.259259
     39 0.259459
    200 0.259615
    765 0.259740
   7049 0.260000
     14 0.260116
     35 0.260163
   1182 0.260274
    135 0.260417
     73 0.260504
     23 0.260563
  54671 0.260870
     26 0.261194
     39 0.261261
    216 0.261364
   2541 0.261538
    124 0.261682
  10257 0.261905
     27 0.262069
     73 0.262136
   3482 0.262295
     13 0.262411
    537 0.262500
    122 0.262626
     64 0.262712
     19 0.262857
 100926 0.263158
     27 0.263514
     27 0.263566
     68 0.263636
    166 0.263736
   1099 0.263889
     22 0.264000
   5233 0.264151
    238 0.264368
     94 0.264463
  16106 0.264706
     17 0.264865
     70 0.264957
    447 0.265060
   6585 0.265306
   2348 0.265625
      8 0.265734
    487 0.265823
    167 0.265957
    158 0.266055
     10 0.266187
     44 0.266272
 151897 0.266667
     25 0.267123
     21 0.267241
    136 0.267327
    192 0.267442
     15 0.267516
   1389 0.267606
   4066 0.267857
     98 0.268041
   9118 0.268293
    129 0.268519
   1775 0.268657
    144 0.268817
     22 0.268868
     48 0.268908
  31651 0.269231
      4 0.269565
    207 0.269663
   1870 0.269841
     57 0.270000
     24 0.270073
  11026 0.270270
     35 0.270440
    219 0.270588
     23 0.270677
   5308 0.270833
     23 0.270968
      7 0.271028
     30 0.271111
   3183 0.271186
   1231 0.271429
    473 0.271605
    151 0.271739
     40 0.271845
     68 0.271930
     11 0.272000
     51 0.272059
     29 0.272189
 204081 0.272727
     25 0.273438
     83 0.273504
     32 0.273585
     53 0.273684
    181 0.273810
     23 0.273885
    642 0.273973
     24 0.274074
   1970 0.274194
   4469 0.274510
     98 0.274725
   8437 0.275000
    969 0.275362
     65 0.275510
     30 0.275676
  18434 0.275862
      2 0.276018
     34 0.276119
      3 0.276190
    549 0.276316
   4716 0.276596
     54 0.276730
   1421 0.276923
    222 0.277108
     72 0.277228
      1 0.277311
  99486 0.277778
     17 0.278302
    137 0.278351
    289 0.278481
   2060 0.278689
     49 0.278846
   5675 0.279070
     44 0.279279
    970 0.279412
     74 0.279570
     21 0.279661
      5 0.279720
  27752 0.280000
     38 0.280193
    189 0.280488
   2351 0.280702
    104 0.280899
     42 0.280992
      6 0.281046
  12993 0.281250
     32 0.281553
    557 0.281690
     54 0.281879
   6784 0.282051
    133 0.282353
   4267 0.282609
     10 0.282828
   2699 0.283019
     13 0.283186
   1606 0.283333
     29 0.283465
    987 0.283582
    336 0.283784
      8 0.283871
    330 0.283951
     99 0.284091
     40 0.284211
     15 0.284314
      9 0.284404
     10 0.284553
      5 0.284615
     17 0.285000
 348643 0.285714
     10 0.286624
     10 0.286822
     12 0.286957
      5 0.287037
      3 0.287129
     30 0.287234
    117 0.287356
    286 0.287500
    439 0.287671
    715 0.287879
   1477 0.288136
     25 0.288288
   2033 0.288462
     54 0.288660
   3834 0.288889
    119 0.289157
     23 0.289256
   5544 0.289474
    445 0.289855
     42 0.290000
     19 0.290076
  11085 0.290323
     12 0.290598
     85 0.290698
   1717 0.290909
      5 0.291045
    172 0.291139
     21 0.291262
  26689 0.291667
      8 0.292035
     86 0.292135
    747 0.292308
   4435 0.292683
     17 0.292929
   1450 0.293103
    184 0.293333
     49 0.293478
     29 0.293578
  81386 0.294118
     11 0.294737
     93 0.294872
     18 0.294964
    845 0.295082
     26 0.295238
   3137 0.295455
      3 0.295652
    263 0.295775
     29 0.295918
  15189 0.296296
     46 0.296703
    491 0.296875
      4 0.297030
   5195 0.297297
     23 0.297521
     84 0.297619
   2296 0.297872
     34 0.298077
    823 0.298246
    334 0.298507
    151 0.298701
     47 0.298851
     10 0.298969
     14 0.299065
 225172 0.300000
     18 0.300699
      7 0.300885
     15 0.301075
     61 0.301205
    168 0.301370
    658 0.301587
      6 0.301724
   1214 0.301887
     49 0.302083
   2906 0.302326
     63 0.302632
   6224 0.303030
    923 0.303571
    138 0.303797
     22 0.304000
  23438 0.304348
     92 0.304878
    684 0.305085
   4815 0.305556
     61 0.305882
   1363 0.306122
    502 0.306452
    128 0.306667
     32 0.306818
 105384 0.307692
     43 0.308642
     22 0.308725
    230 0.308824
    870 0.309091
     37 0.309278
   2196 0.309524
    162 0.309859
   7828 0.310345
     10 0.310680
     76 0.310811
     33 0.310924
   1764 0.311111
    475 0.311475
      5 0.311688
     18 0.311828
  76017 0.312500
     25 0.312977
     45 0.313253
    197 0.313433
    887 0.313725
     27 0.313953
   3621 0.314286
     19 0.314607
    597 0.314815
     10 0.314961
     57 0.315068
     18 0.315436
  39893 0.315789
     13 0.316456
    341 0.316667
   2232 0.317073
    163 0.317460
     35 0.317647
  20906 0.318182
     92 0.318841
   1035 0.319149
     70 0.319444
     10 0.319588
  10568 0.320000
     11 0.320388
     18 0.320513
    671 0.320755
     16 0.320988
     16 0.321168
   6686 0.321429
      7 0.321839
    233 0.322034
   4555 0.322581
    128 0.323077
   2904 0.323529
    122 0.323944
   1858 0.324324
      3 0.324675
   1542 0.325000
     37 0.325301
   1200 0.325581
     10 0.325843
    709 0.326087
     14 0.326316
    614 0.326531
    455 0.326923
    250 0.327273
    174 0.327586
    254 0.327869
    137 0.328125
     80 0.328358
     74 0.328571
     86 0.328767
     14 0.328947
      8 0.329114
     16 0.329268
     26 0.329412
     23 0.329545
     19 0.329787
     14 0.329897
1148841 0.333333
     33 0.336449
     19 0.337500
     19 0.337662
     12 0.338028
     34 0.338235
     25 0.338462
     24 0.338710
     83 0.338983
    147 0.339286
    121 0.339623
    376 0.340000
    183 0.340426
    531 0.340909
    815 0.341463
     29 0.341772
    940 0.342105
     27 0.342466
   1463 0.342857
     27 0.343284
   1844 0.343750
     83 0.344262
   2840 0.344828
      5 0.345238
     89 0.345455
   4497 0.346154
    122 0.346939
     28 0.347222
   7461 0.347826
    375 0.348837
     17 0.349206
     11 0.349398
  16549 0.350000
     21 0.350649
     13 0.350877
    762 0.351351
    135 0.351852
  26368 0.352941
      7 0.353846
    215 0.354167
   1265 0.354839
    211 0.355556
     46 0.355932
  47188 0.357143
     37 0.358491
    385 0.358974
     12 0.359375
   3483 0.360000
     41 0.360656
    580 0.361111
    120 0.361702
     31 0.362069
      9 0.362500
  56676 0.363636
     14 0.365079
     17 0.365385
    191 0.365854
   1137 0.366667
     28 0.367347
  11284 0.368421
     63 0.369565
   1545 0.370370
     33 0.370968
    360 0.371429
    161 0.372093
     10 0.372549
 156097 0.375000
     10 0.376623
     11 0.377049
     19 0.377358
     37 0.377778
    217 0.378378
      4 0.378788
    821 0.379310
     13 0.380000
   4759 0.380952
     15 0.381818
    235 0.382353
     29 0.382979
  29035 0.384615
      8 0.385714
     10 0.386364
    478 0.387097
     37 0.387755
   9238 0.388889
     43 0.390244
   1911 0.391304
    607 0.392857
     11 0.393443
    254 0.393939
     34 0.394737
     40 0.395349
      4 0.395833
      6 0.396226
 171487 0.400000
     38 0.404762
     17 0.405405
    134 0.406250
    408 0.407407
   1122 0.409091
     11 0.410256
      2 0.410959
   6280 0.411765
      9 0.413043
    144 0.413793
      9 0.414634
  24051 0.416667
      1 0.418605
     88 0.419355
   2441 0.421053
    172 0.423077
     47 0.424242
      2 0.426230
  51238 0.428571
     24 0.432432
     12 0.433333
    254 0.434783
   3772 0.437500
    109 0.440000
      5 0.441176
  21742 0.444444
      5 0.446809
     22 0.448276
     10 0.448980
    594 0.450000
     17 0.451613
  11015 0.454545
     23 0.458333
   5377 0.461538
   2127 0.466667
   1032 0.470588
    343 0.473684
    114 0.476190
     50 0.478261
     37 0.480000
      1 0.482759
3980031 0.500000
      7 0.523810
     46 0.526316
    106 0.529412
    203 0.533333
    556 0.538462
      4 0.540541
   1016 0.545455
      5 0.550000
   1942 0.555556
     34 0.562500
   4115 0.571429
    220 0.583333
      3 0.588235
  10851 0.600000
      3 0.611111
     36 0.615385
    487 0.625000
     44 0.636364
     11 0.642857
  47892 0.666667
     51 0.700000
    120 0.714286
   3779 0.750000
     27 0.777778
    122 0.800000
      3 0.833333
     39 0.857143
      1 > gi|15829254|ref|NC_002695.1|
 738806 1.000000
