     12 0.020000
     18 0.020833
     26 0.022727
     24 0.023810
     13 0.024390
     12 0.025000
     49 0.025641
     73 0.026316
    177 0.027027
     77 0.027778
    106 0.028571
    239 0.029412
    246 0.030303
    193 0.031250
     28 0.031746
    479 0.032258
    453 0.033333
    756 0.034483
    959 0.035714
   1343 0.037037
     26 0.037736
   1924 0.038462
     59 0.039216
   2602 0.040000
     13 0.040816
   4088 0.041667
     31 0.042553
   5731 0.043478
    138 0.044444
   8123 0.045455
    116 0.046512
     35 0.046875
  11757 0.047619
    175 0.048780
  17275 0.050000
    286 0.051282
  22504 0.052632
    323 0.054054
  31505 0.055556
    544 0.057143
     41 0.057692
  43176 0.058824
     13 0.059701
     42 0.060000
    819 0.060606
    114 0.061224
  56727 0.062500
     40 0.063492
     51 0.063830
   1534 0.064516
     90 0.065217
     41 0.065574
  73452 0.066667
     17 0.067797
    269 0.068182
     35 0.068493
   2372 0.068966
     16 0.069444
    211 0.069767
     47 0.070175
  92526 0.071429
     53 0.072727
    400 0.073171
   3985 0.074074
     26 0.074627
    347 0.075000
     71 0.075472
      8 0.075758
 111825 0.076923
     91 0.078125
    193 0.078431
    735 0.078947
     62 0.079365
   7876 0.080000
     29 0.080460
     34 0.080645
    905 0.081081
    149 0.081633
     65 0.081967
     19 0.082192
 150654 0.083333
     49 0.084746
    207 0.085106
      7 0.085366
   1291 0.085714
      9 0.086207
  15544 0.086957
     93 0.087719
   1520 0.088235
    365 0.088889
     59 0.089286
     22 0.089552
     23 0.089888
 183264 0.090909
     39 0.092105
     52 0.092308
     97 0.092593
    527 0.093023
     11 0.093333
   2223 0.093750
    146 0.094340
  29608 0.095238
     16 0.095890
    254 0.096154
   3099 0.096774
     41 0.097222
    716 0.097561
    235 0.098039
     52 0.098361
 259892 0.100000
     30 0.101449
    101 0.101695
    215 0.102041
    801 0.102564
   4717 0.103448
    485 0.104167
     44 0.104348
     33 0.104478
     29 0.104651
  49924 0.105263
     38 0.106061
    407 0.106383
     44 0.106667
   6293 0.107143
    198 0.107692
   1618 0.108108
    486 0.108696
    123 0.109091
    151 0.109375
     58 0.109589
     16 0.109890
 316376 0.111111
     15 0.112500
     38 0.112676
    110 0.112903
     37 0.113043
    222 0.113208
    901 0.113636
     16 0.113924
   2218 0.114286
     58 0.114754
  10441 0.115385
     23 0.115789
     24 0.115942
    829 0.116279
    209 0.116667
  84674 0.117647
     36 0.118421
    240 0.118644
   1037 0.119048
  13509 0.120000
     45 0.120690
     20 0.120879
   3464 0.121212
     35 0.121622
   1558 0.121951
     43 0.122222
    472 0.122449
    166 0.122807
    170 0.123077
     95 0.123288
     90 0.123596
     24 0.123711
 515853 0.125000
     13 0.126437
     18 0.126761
    258 0.126984
    354 0.127273
    536 0.127660
     30 0.127907
   1551 0.128205
   5263 0.129032
     25 0.129412
    289 0.129630
  25572 0.130435
     15 0.130952
    159 0.131148
   1925 0.131579
    494 0.132075
     36 0.132353
 122613 0.133333
     61 0.134146
     36 0.134328
    555 0.134615
     45 0.134831
   2584 0.135135
    225 0.135593
  32042 0.136364
      9 0.136842
      9 0.136986
    437 0.137255
     30 0.137500
   7003 0.137931
    162 0.138462
   3094 0.138889
     20 0.139241
   1168 0.139535
    876 0.140000
    242 0.140351
     38 0.140625
     10 0.140845
     25 0.141176
 615638 0.142857
     21 0.144578
     87 0.144737
     48 0.144928
    141 0.145161
    604 0.145455
    636 0.145833
     67 0.146067
   1663 0.146341
     93 0.146667
   3888 0.147059
     15 0.147368
     86 0.147541
  11301 0.148148
     34 0.148649
    688 0.148936
     57 0.149254
  55562 0.150000
     39 0.150685
    478 0.150943
     63 0.151163
   4387 0.151515
     34 0.151899
    910 0.152174
    282 0.152542
    110 0.152778
 169163 0.153846
     22 0.154639
     49 0.154762
     16 0.154930
     81 0.155172
   1130 0.155556
   4784 0.156250
     32 0.156522
     45 0.156627
    507 0.156863
     10 0.157143
     89 0.157303
  66510 0.157895
     16 0.158537
    279 0.158730
   1544 0.159091
     98 0.159420
  18001 0.160000
    459 0.160714
     46 0.160920
   6761 0.161290
     33 0.161765
   3262 0.162162
     47 0.162500
   1248 0.162791
    959 0.163265
    606 0.163636
    175 0.163934
     43 0.164179
     20 0.164384
     18 0.164557
     45 0.164706
1071058 0.166667
     47 0.168421
      7 0.168539
     26 0.168675
     36 0.169014
    229 0.169231
    383 0.169492
    675 0.169811
    780 0.170213
   1930 0.170732
     30 0.171053
   3850 0.171429
     73 0.171875
   7888 0.172414
    705 0.173077
    103 0.173333
  30330 0.173913
     75 0.174419
    279 0.174603
   1730 0.175000
     65 0.175258
    209 0.175439
     63 0.175676
     30 0.175824
  98941 0.176471
     13 0.177215
    197 0.177419
    973 0.177778
     89 0.178082
  10236 0.178571
     13 0.178947
     98 0.179104
   2441 0.179487
     24 0.179775
    885 0.180000
     85 0.180328
    286 0.180556
     62 0.180723
 225154 0.181818
     11 0.182927
     10 0.183099
    459 0.183333
    792 0.183673
     30 0.183908
   2785 0.184211
    133 0.184615
  11555 0.185185
     29 0.185567
      9 0.185714
   1287 0.186047
    329 0.186441
     34 0.186813
 111236 0.187500
     13 0.188235
     81 0.188406
    521 0.188679
     11 0.188889
   2834 0.189189
    110 0.189474
    165 0.189655
     28 0.189873
  44326 0.190476
     49 0.191011
     19 0.191176
     19 0.191304
    907 0.191489
    133 0.191781
  14260 0.192308
     25 0.192771
    179 0.192982
   5951 0.193548
     22 0.194030
   3876 0.194444
   1721 0.195122
     37 0.195402
   1032 0.195652
     16 0.195876
    556 0.196078
    440 0.196429
    120 0.196721
    151 0.196970
     47 0.197183
    113 0.197368
     28 0.197802
1083019 0.200000
     40 0.202247
     36 0.202532
     53 0.202703
    102 0.202899
    156 0.203125
    248 0.203390
    265 0.203704
    613 0.204082
   1387 0.204545
     11 0.204819
   1905 0.205128
     30 0.205479
   4063 0.205882
     69 0.206186
    143 0.206349
   7110 0.206897
     21 0.207317
    412 0.207547
  19436 0.208333
     10 0.208696
      5 0.208791
     61 0.208955
   1204 0.209302
    138 0.209677
  57843 0.210526
     16 0.211111
     26 0.211268
    576 0.211538
     17 0.211765
   3802 0.212121
     56 0.212500
    565 0.212766
    100 0.213115
     65 0.213333
     27 0.213483
 131452 0.214286
     11 0.215190
    270 0.215385
    402 0.215686
   2366 0.216216
      9 0.216495
    293 0.216667
  23163 0.217391
    389 0.218182
      8 0.218391
   3731 0.218750
     40 0.219178
   1553 0.219512
     32 0.219780
    616 0.220000
    296 0.220339
     30 0.220588
     19 0.220930
     25 0.221053
 291675 0.222222
     37 0.223529
     75 0.223684
     37 0.223881
     40 0.224138
    598 0.224490
     26 0.224719
   1363 0.225000
   4458 0.225806
     13 0.226087
     32 0.226190
    371 0.226415
     62 0.226667
  26887 0.227273
    135 0.228070
   2662 0.228571
    564 0.229167
     93 0.229508
     18 0.229730
      6 0.229885
 132120 0.230769
     20 0.231579
     23 0.231707
     20 0.231884
    206 0.232143
    703 0.232558
     37 0.232877
   4954 0.233333
    400 0.234043
     41 0.234375
     34 0.234783
  71275 0.235294
      8 0.235955
     30 0.236111
    224 0.236364
   1561 0.236842
    213 0.237288
     58 0.237500
  31384 0.238095
     22 0.238806
    545 0.239130
  11340 0.240000
     16 0.240506
    262 0.240741
     19 0.240964
   4773 0.241379
     99 0.241935
     12 0.242105
   2759 0.242424
   1928 0.243243
     29 0.243478
   1007 0.243902
    496 0.244444
    345 0.244898
    178 0.245283
     66 0.245614
     71 0.245902
     58 0.246154
      4 0.246377
      7 0.246575
     19 0.247059
     13 0.247191
     12 0.247423
1852143 0.250000
      6 0.252174
      6 0.252747
     35 0.252874
      3 0.253012
     12 0.253165
     30 0.253333
      5 0.253521
     21 0.253731
    104 0.253968
    135 0.254237
    201 0.254545
    258 0.254902
    334 0.255319
    602 0.255814
    810 0.256410
      9 0.256757
   1610 0.257143
     67 0.257576
   2900 0.258065
     14 0.258427
     21 0.258621
   5504 0.259259
    206 0.260000
     43 0.260274
  14220 0.260870
     86 0.261538
    560 0.261905
     71 0.262295
      9 0.262500
  34486 0.263158
     16 0.263736
     29 0.263889
    145 0.264151
   1527 0.264706
    225 0.265306
     37 0.265625
  71635 0.266667
      6 0.267442
     77 0.267857
     13 0.268041
    611 0.268293
     23 0.268657
   6165 0.269231
      8 0.269663
     56 0.269841
   1007 0.270270
    240 0.270833
     71 0.271186
 130157 0.272727
      8 0.273810
      8 0.273973
     26 0.274194
    124 0.274510
    358 0.275000
     23 0.275362
   2633 0.275862
     41 0.276316
    188 0.276596
     44 0.276923
  35862 0.277778
    247 0.279070
      8 0.279412
   5915 0.280000
     25 0.280702
   1316 0.281250
      3 0.281690
    529 0.282051
     21 0.282353
    132 0.282609
     39 0.283019
     70 0.283333
     14 0.283582
 336233 0.285714
      6 0.287879
     32 0.288136
    132 0.288462
    193 0.288889
    371 0.289474
      7 0.289855
   1647 0.290323
     50 0.290909
   6183 0.291667
      5 0.292135
    262 0.292683
     14 0.293103
  34859 0.294118
    272 0.295455
   2657 0.296296
     22 0.296875
    413 0.297297
     76 0.297872
      5 0.298246
     12 0.298851
 134490 0.300000
     25 0.301587
     32 0.301887
    170 0.302326
    675 0.303030
     29 0.303571
   6451 0.304348
    431 0.305556
     73 0.306122
      9 0.306452
     16 0.306667
  58878 0.307692
    122 0.309524
   1289 0.310345
    104 0.311111
      9 0.311475
  31731 0.312500
     16 0.313725
    401 0.314286
      6 0.314815
  14121 0.315789
      6 0.316667
    138 0.317073
     28 0.317460
   6029 0.318182
     37 0.319149
      1 0.319444
   2559 0.320000
     21 0.320755
   1137 0.321429
      9 0.322034
    565 0.322581
    300 0.323529
    214 0.324324
    101 0.325000
     63 0.325581
     18 0.326087
     38 0.326531
     19 0.326923
      4 0.327273
1214504 0.333333
      4 0.340000
     19 0.340426
     50 0.340909
     16 0.341463
     52 0.342105
    115 0.342857
    293 0.343750
    474 0.344828
    949 0.346154
   2106 0.347826
      7 0.348837
   5183 0.350000
     83 0.351351
  10755 0.352941
      8 0.354167
    218 0.354839
      5 0.355556
     14 0.356164
  22120 0.357143
     23 0.358974
    780 0.360000
     21 0.361111
      3 0.361702
  40453 0.363636
     17 0.365854
    134 0.366667
   3906 0.368421
    226 0.370370
     35 0.371429
 112928 0.375000
     44 0.378378
    150 0.379310
   1337 0.380952
     59 0.382353
  15644 0.384615
      4 0.386364
     66 0.387097
   3097 0.388889
    546 0.391304
     79 0.392857
      8 0.393939
      3 0.394737
 263078 0.400000
      1 0.404762
      6 0.405405
     22 0.406250
     64 0.407407
    347 0.409091
      7 0.410256
   2345 0.411765
     15 0.413793
  12176 0.416667
     20 0.419355
    762 0.421053
     23 0.423077
      3 0.424242
  63932 0.428571
      2 0.432432
      4 0.433333
    104 0.434783
   1550 0.437500
     16 0.440000
  18361 0.444444
      6 0.448276
    196 0.450000
   7047 0.454545
     25 0.458333
   2474 0.461538
      1 0.464286
   1057 0.466667
    260 0.470588
    120 0.473684
     43 0.476190
     11 0.478261
      2 0.480000
2638723 0.500000
      3 0.526316
     37 0.529412
     54 0.533333
    169 0.538462
    541 0.545455
   1324 0.555556
      5 0.562500
   4166 0.571429
     67 0.583333
  19140 0.600000
      6 0.615385
    255 0.625000
     15 0.636364
  69988 0.666667
      1 0.700000
     24 0.714286
   5311 0.750000
    203 0.800000
      3 0.833333
      1 > gi|15829254|ref|NC_002695.1|
 328821 1.000000
